Center
Title
Electromagnetic field data from file ALCELI-750.0-2.0-1.0-0.65-0.25.AF
SubTitle
Problem title line 1: 750 MHz Re-entrant cavity with 0.25cm nose cone - 2.0cm 15.2cm

MArkersize -0.3
Abscissa 1
Ordinate 3 4


Titles
Z
R
Ez
Er
|E|
H 
EndTitles

AxisLabels
Z (cm)
R (cm)
Ez (MV/m)
Er (MV/m)
E (MV/m)
H  (A/m)
EndLabels

CurveLabels
Z
R
Ez
Er
E
H 
EndLabels

Data
;     Z             R              Ez            Er            |E|           H 
;   (cm)          (cm)           (MV/m)        (MV/m)        (MV/m)        (A/m) 
   0.00000       0.00000      3.806205E+00  0.000000E+00  3.806205E+00  0.000000E+00
  2.000000E-02   0.00000      3.804581E+00  0.000000E+00  3.804581E+00  0.000000E+00
  4.000000E-02   0.00000      3.799708E+00  0.000000E+00  3.799708E+00  0.000000E+00
  6.000000E-02   0.00000      3.791586E+00  0.000000E+00  3.791586E+00  0.000000E+00
  8.000000E-02   0.00000      3.780216E+00  0.000000E+00  3.780216E+00  0.000000E+00
  0.100000       0.00000      3.755451E+00  0.000000E+00  3.755451E+00  0.000000E+00
  0.120000       0.00000      3.736657E+00  0.000000E+00  3.736657E+00  0.000000E+00
  0.140000       0.00000      3.714446E+00  0.000000E+00  3.714446E+00  0.000000E+00
  0.160000       0.00000      3.688818E+00  0.000000E+00  3.688818E+00  0.000000E+00
  0.180000       0.00000      3.659772E+00  0.000000E+00  3.659772E+00  0.000000E+00
  0.200000       0.00000      3.631813E+00  0.000000E+00  3.631813E+00  0.000000E+00
  0.220000       0.00000      3.594865E+00  0.000000E+00  3.594865E+00  0.000000E+00
  0.240000       0.00000      3.553693E+00  0.000000E+00  3.553693E+00  0.000000E+00
  0.260000       0.00000      3.508297E+00  0.000000E+00  3.508297E+00  0.000000E+00
  0.280000       0.00000      3.458678E+00  0.000000E+00  3.458678E+00  0.000000E+00
  0.300000       0.00000      3.412851E+00  0.000000E+00  3.412851E+00  0.000000E+00
  0.320000       0.00000      3.354206E+00  0.000000E+00  3.354206E+00  0.000000E+00
  0.340000       0.00000      3.291353E+00  0.000000E+00  3.291353E+00  0.000000E+00
  0.360000       0.00000      3.224292E+00  0.000000E+00  3.224292E+00  0.000000E+00
  0.380000       0.00000      3.153023E+00  0.000000E+00  3.153023E+00  0.000000E+00
  0.400000       0.00000      3.100093E+00  0.000000E+00  3.100093E+00  0.000000E+00
  0.420000       0.00000      3.020106E+00  0.000000E+00  3.020106E+00  0.000000E+00
  0.440000       0.00000      2.936984E+00  0.000000E+00  2.936984E+00  0.000000E+00
  0.460000       0.00000      2.850726E+00  0.000000E+00  2.850726E+00  0.000000E+00
  0.480000       0.00000      2.761332E+00  0.000000E+00  2.761332E+00  0.000000E+00
  0.500000       0.00000      2.702443E+00  0.000000E+00  2.702443E+00  0.000000E+00
  0.520000       0.00000      2.607276E+00  0.000000E+00  2.607276E+00  0.000000E+00
  0.540000       0.00000      2.511051E+00  0.000000E+00  2.511051E+00  0.000000E+00
  0.560000       0.00000      2.413768E+00  0.000000E+00  2.413768E+00  0.000000E+00
  0.580000       0.00000      2.315427E+00  0.000000E+00  2.315427E+00  0.000000E+00
  0.600000       0.00000      2.252763E+00  0.000000E+00  2.252763E+00  0.000000E+00
  0.620000       0.00000      2.153540E+00  0.000000E+00  2.153540E+00  0.000000E+00
  0.640000       0.00000      2.055511E+00  0.000000E+00  2.055511E+00  0.000000E+00
  0.660000       0.00000      1.958677E+00  0.000000E+00  1.958677E+00  0.000000E+00
  0.680000       0.00000      1.863036E+00  0.000000E+00  1.863036E+00  0.000000E+00
  0.700000       0.00000      1.798337E+00  0.000000E+00  1.798337E+00  0.000000E+00
  0.720000       0.00000      1.706423E+00  0.000000E+00  1.706423E+00  0.000000E+00
  0.740000       0.00000      1.617232E+00  0.000000E+00  1.617232E+00  0.000000E+00
  0.760000       0.00000      1.530764E+00  0.000000E+00  1.530764E+00  0.000000E+00
  0.780000       0.00000      1.447018E+00  0.000000E+00  1.447018E+00  0.000000E+00
  0.800000       0.00000      1.381594E+00  0.000000E+00  1.381594E+00  0.000000E+00
  0.820000       0.00000      1.304169E+00  0.000000E+00  1.304169E+00  0.000000E+00
  0.840000       0.00000      1.229998E+00  0.000000E+00  1.229998E+00  0.000000E+00
  0.860000       0.00000      1.159079E+00  0.000000E+00  1.159079E+00  0.000000E+00
  0.880000       0.00000      1.091413E+00  0.000000E+00  1.091413E+00  0.000000E+00
  0.900000       0.00000      1.028460E+00  0.000000E+00  1.028460E+00  0.000000E+00
  0.920000       0.00000      9.675996E-01  0.000000E+00  9.675996E-01  0.000000E+00
  0.940000       0.00000      9.098006E-01  0.000000E+00  9.098006E-01  0.000000E+00
  0.960000       0.00000      8.550632E-01  0.000000E+00  8.550632E-01  0.000000E+00
  0.980000       0.00000      8.033873E-01  0.000000E+00  8.033873E-01  0.000000E+00
   1.00000       0.00000      7.473644E-01  0.000000E+00  7.473644E-01  0.000000E+00
   1.02000       0.00000      7.017220E-01  0.000000E+00  7.017220E-01  0.000000E+00
   1.04000       0.00000      6.586219E-01  0.000000E+00  6.586219E-01  0.000000E+00
   1.06000       0.00000      6.180640E-01  0.000000E+00  6.180640E-01  0.000000E+00
   1.08000       0.00000      5.800483E-01  0.000000E+00  5.800483E-01  0.000000E+00
   1.10000       0.00000      5.339353E-01  0.000000E+00  5.339353E-01  0.000000E+00
   1.12000       0.00000      5.007485E-01  0.000000E+00  5.007485E-01  0.000000E+00
   1.14000       0.00000      4.695255E-01  0.000000E+00  4.695255E-01  0.000000E+00
   1.16000       0.00000      4.402663E-01  0.000000E+00  4.402663E-01  0.000000E+00
   1.18000       0.00000      4.129709E-01  0.000000E+00  4.129709E-01  0.000000E+00
   1.20000       0.00000      3.772618E-01  0.000000E+00  3.772618E-01  0.000000E+00
   1.22000       0.00000      3.536164E-01  0.000000E+00  3.536164E-01  0.000000E+00
   1.24000       0.00000      3.314244E-01  0.000000E+00  3.314244E-01  0.000000E+00
   1.26000       0.00000      3.106857E-01  0.000000E+00  3.106857E-01  0.000000E+00
   1.28000       0.00000      2.914004E-01  0.000000E+00  2.914004E-01  0.000000E+00
   1.30000       0.00000      2.649210E-01  0.000000E+00  2.649210E-01  0.000000E+00
   1.32000       0.00000      2.483078E-01  0.000000E+00  2.483078E-01  0.000000E+00
   1.34000       0.00000      2.327436E-01  0.000000E+00  2.327436E-01  0.000000E+00
   1.36000       0.00000      2.182284E-01  0.000000E+00  2.182284E-01  0.000000E+00
   1.38000       0.00000      2.047622E-01  0.000000E+00  2.047622E-01  0.000000E+00
   1.40000       0.00000      1.857219E-01  0.000000E+00  1.857219E-01  0.000000E+00
   1.42000       0.00000      1.741806E-01  0.000000E+00  1.741806E-01  0.000000E+00
   1.44000       0.00000      1.633867E-01  0.000000E+00  1.633867E-01  0.000000E+00
   1.46000       0.00000      1.533400E-01  0.000000E+00  1.533400E-01  0.000000E+00
   1.48000       0.00000      1.440407E-01  0.000000E+00  1.440407E-01  0.000000E+00
   1.50000       0.00000      1.306821E-01  0.000000E+00  1.306821E-01  0.000000E+00
   1.52000       0.00000      1.227640E-01  0.000000E+00  1.227640E-01  0.000000E+00
   1.54000       0.00000      1.153767E-01  0.000000E+00  1.153767E-01  0.000000E+00
   1.56000       0.00000      1.085202E-01  0.000000E+00  1.085202E-01  0.000000E+00
   1.58000       0.00000      1.021944E-01  0.000000E+00  1.021944E-01  0.000000E+00
   1.60000       0.00000      9.307036E-02  0.000000E+00  9.307036E-02  0.000000E+00
   1.62000       0.00000      8.774462E-02  0.000000E+00  8.774462E-02  0.000000E+00
   1.64000       0.00000      8.279916E-02  0.000000E+00  8.279916E-02  0.000000E+00
   1.66000       0.00000      7.823399E-02  0.000000E+00  7.823399E-02  0.000000E+00
   1.68000       0.00000      7.404911E-02  0.000000E+00  7.404911E-02  0.000000E+00
   1.70000       0.00000      6.978800E-02  0.000000E+00  6.978800E-02  0.000000E+00
   1.72000       0.00000      6.648444E-02  0.000000E+00  6.648444E-02  0.000000E+00
   1.74000       0.00000      6.340871E-02  0.000000E+00  6.340871E-02  0.000000E+00
   1.76000       0.00000      6.056082E-02  0.000000E+00  6.056082E-02  0.000000E+00
   1.78000       0.00000      5.794075E-02  0.000000E+00  5.794075E-02  0.000000E+00
   1.80000       0.00000      5.322802E-02  0.000000E+00  5.322802E-02  0.000000E+00
   1.82000       0.00000      5.121902E-02  0.000000E+00  5.121902E-02  0.000000E+00
   1.84000       0.00000      4.942150E-02  0.000000E+00  4.942150E-02  0.000000E+00
   1.86000       0.00000      4.783545E-02  0.000000E+00  4.783545E-02  0.000000E+00
   1.88000       0.00000      4.646087E-02  0.000000E+00  4.646087E-02  0.000000E+00
   1.90000       0.00000      4.432487E-02  0.000000E+00  4.432487E-02  0.000000E+00
   1.92000       0.00000      4.339372E-02  0.000000E+00  4.339372E-02  0.000000E+00
   1.94000       0.00000      4.266949E-02  0.000000E+00  4.266949E-02  0.000000E+00
   1.96000       0.00000      4.215218E-02  0.000000E+00  4.215218E-02  0.000000E+00
   1.98000       0.00000      4.184180E-02  0.000000E+00  4.184180E-02  0.000000E+00
   2.00000       0.00000      4.173834E-02  0.000000E+00  4.173834E-02  0.000000E+00
EndData
EndFile
