Center
Title
Electromagnetic field data from file CAV-FLAT-R135-L35MM-B22-N4.AF
SubTitle
Problem title line 1: 800MHz cavity with 22mm bore 4mm nose-cone 13.5cm height 4cm width

MArkersize -0.3
Abscissa 1
Ordinate 3 4


Titles
Z
R
Ez
Er
|E|
H 
EndTitles

AxisLabels
Z (cm)
R (cm)
Ez (MV/m)
Er (MV/m)
E (MV/m)
H  (A/m)
EndLabels

CurveLabels
Z
R
Ez
Er
E
H 
EndLabels

Data
;     Z             R              Ez            Er            |E|           H 
;   (cm)          (cm)           (MV/m)        (MV/m)        (MV/m)        (A/m) 
   0.00000      0.500000      3.120738E+00  0.000000E+00  3.120738E+00  3.456732E+02
  3.500000E-02  0.500000      3.119387E+00  2.137123E-02  3.119460E+00  3.455033E+02
  7.000000E-02  0.500000      3.114262E+00  4.326593E-02  3.114562E+00  3.448575E+02
  0.105000      0.500000      3.108033E+00  6.489889E-02  3.108711E+00  3.439976E+02
  0.140000      0.500000      3.099314E+00  8.653186E-02  3.100522E+00  3.427937E+02
  0.175000      0.500000      3.085603E+00  1.110986E-01  3.087603E+00  3.411869E+02
  0.210000      0.500000      3.071222E+00  1.333183E-01  3.074114E+00  3.392438E+02
  0.245000      0.500000      3.054226E+00  1.555381E-01  3.058184E+00  3.369474E+02
  0.280000      0.500000      3.030418E+00  1.807991E-01  3.035806E+00  3.345432E+02
  0.315000      0.500000      3.006611E+00  2.065453E-01  3.013697E+00  3.314638E+02
  0.350000      0.500000      2.979199E+00  2.322915E-01  2.988241E+00  3.279750E+02
  0.385000      0.500000      2.944519E+00  2.585550E-01  2.955849E+00  3.241488E+02
  0.420000      0.500000      2.908519E+00  2.867897E-01  2.922624E+00  3.198133E+02
  0.455000      0.500000      2.868567E+00  3.150243E-01  2.885813E+00  3.150288E+02
  0.490000      0.500000      2.821045E+00  3.416861E-01  2.841662E+00  3.098627E+02
  0.525000      0.500000      2.770452E+00  3.712442E-01  2.795215E+00  3.041949E+02
  0.560000      0.500000      2.715720E+00  4.008024E-01  2.745137E+00  2.980571E+02
  0.595000      0.500000      2.654604E+00  4.254837E-01  2.688486E+00  2.914936E+02
  0.630000      0.500000      2.587875E+00  4.539027E-01  2.627380E+00  2.845024E+02
  0.665000      0.500000      2.517167E+00  4.823217E-01  2.562960E+00  2.770594E+02
  0.700000      0.500000      2.443363E+00  5.017373E-01  2.494346E+00  2.691618E+02
  0.735000      0.500000      2.361106E+00  5.254598E-01  2.418870E+00  2.609955E+02
  0.770000      0.500000      2.284131E+00  5.448212E-01  2.348209E+00  2.522509E+02
  0.805000      0.500000      2.192235E+00  5.601423E-01  2.262665E+00  2.434664E+02
  0.840000      0.500000      2.098194E+00  5.754634E-01  2.175679E+00  2.344382E+02
  0.875000      0.500000      2.012990E+00  5.870060E-01  2.096832E+00  2.249036E+02
  0.910000      0.500000      1.914383E+00  5.915255E-01  2.003688E+00  2.155342E+02
  0.945000      0.500000      1.815143E+00  5.960451E-01  1.910501E+00  2.060930E+02
  0.980000      0.500000      1.726746E+00  5.979067E-01  1.827333E+00  1.963152E+02
   1.01500      0.500000      1.628986E+00  5.915876E-01  1.733081E+00  1.868586E+02
   1.05000      0.500000      1.532110E+00  5.852684E-01  1.640091E+00  1.775025E+02
   1.08500      0.500000      1.446137E+00  5.776992E-01  1.557256E+00  1.680327E+02
   1.12000      0.500000      1.355715E+00  5.627372E-01  1.467868E+00  1.589661E+02
   1.15500      0.500000      1.267389E+00  5.477752E-01  1.380700E+00  1.501375E+02
   1.19000      0.500000      1.188438E+00  5.329868E-01  1.302483E+00  1.414035E+02
   1.22500      0.500000      1.109272E+00  5.126891E-01  1.222021E+00  1.330903E+02
   1.26000      0.500000      1.032947E+00  4.923913E-01  1.144303E+00  1.250998E+02
   1.29500      0.500000      9.636804E-01  4.734973E-01  1.073722E+00  1.173537E+02
   1.33000      0.500000      8.970406E-01  4.510526E-01  1.004057E+00  1.100035E+02
   1.36500      0.500000      8.335432E-01  4.286079E-01  9.372827E-01  1.030101E+02
   1.40000      0.500000      7.747315E-01  4.084902E-01  8.758271E-01  9.634249E+01
   1.43500      0.500000      7.200707E-01  3.862713E-01  8.171336E-01  9.002408E+01
   1.47000      0.500000      6.685206E-01  3.640523E-01  7.612187E-01  8.405895E+01
   1.50500      0.500000      6.196538E-01  3.447589E-01  7.091048E-01  7.844480E+01
   1.54000      0.500000      5.755300E-01  3.242009E-01  6.605611E-01  7.312652E+01
   1.57500      0.500000      5.320542E-01  3.045382E-01  6.130458E-01  6.818005E+01
   1.61000      0.500000      4.942203E-01  2.863262E-01  5.711710E-01  6.348264E+01
   1.64500      0.500000      4.589360E-01  2.681142E-01  5.315143E-01  5.907480E+01
   1.68000      0.500000      4.238734E-01  2.507040E-01  4.924643E-01  5.500609E+01
   1.71500      0.500000      3.936137E-01  2.350283E-01  4.584431E-01  5.114448E+01
   1.75000      0.500000      3.655487E-01  2.193526E-01  4.263114E-01  4.753212E+01
   1.78500      0.500000      3.374031E-01  2.045117E-01  3.945452E-01  4.421723E+01
   1.82000      0.500000      3.132937E-01  1.912795E-01  3.670705E-01  4.107066E+01
   1.85500      0.500000      2.910367E-01  1.780473E-01  3.411791E-01  3.813449E+01
   1.89000      0.500000      2.684930E-01  1.657178E-01  3.155168E-01  3.545223E+01
   1.92500      0.500000      2.493278E-01  1.546971E-01  2.934204E-01  3.290491E+01
   1.96000      0.500000      2.317054E-01  1.436764E-01  2.726358E-01  3.053282E+01
   1.99500      0.500000      2.136653E-01  1.336141E-01  2.520031E-01  2.837324E+01
   2.03000      0.500000      1.984525E-01  1.245205E-01  2.342835E-01  2.632105E+01
   2.06500      0.500000      1.845129E-01  1.154270E-01  2.176428E-01  2.441345E+01
   2.10000      0.500000      1.700821E-01  1.073174E-01  2.011092E-01  2.268109E+01
   2.13500      0.500000      1.580192E-01  9.986269E-02  1.869295E-01  2.103399E+01
   2.17000      0.500000      1.470000E-01  9.240801E-02  1.736325E-01  1.950543E+01
   2.20500      0.500000      1.354592E-01  8.592967E-02  1.604154E-01  1.811974E+01
   2.24000      0.500000      1.259030E-01  7.984579E-02  1.490869E-01  1.680181E+01
   2.27500      0.500000      1.162279E-01  7.356871E-02  1.375547E-01  1.560528E+01
   2.31000      0.500000      1.079724E-01  6.861802E-02  1.279315E-01  1.447488E+01
   2.34500      0.500000      1.004100E-01  6.366733E-02  1.188936E-01  1.342320E+01
   2.38000      0.500000      9.270945E-02  5.866989E-02  1.097142E-01  1.247082E+01
   2.41500      0.500000      8.617050E-02  5.464779E-02  1.020379E-01  1.156993E+01
   2.45000      0.500000      8.019464E-02  5.062568E-02  9.483744E-02  1.073300E+01
   2.48500      0.500000      7.407140E-02  4.665685E-02  8.754104E-02  9.976892E+00
   2.52000      0.500000      6.890230E-02  4.339032E-02  8.142633E-02  9.261011E+00
   2.55500      0.500000      6.419052E-02  4.012379E-02  7.569902E-02  8.597068E+00
   2.59000      0.500000      5.933068E-02  3.697328E-02  6.990818E-02  7.998675E+00
   2.62500      0.500000      5.525659E-02  3.431767E-02  6.504608E-02  7.431906E+00
   2.66000      0.500000      5.155427E-02  3.166206E-02  6.050065E-02  6.907363E+00
   2.69500      0.500000      4.771011E-02  2.915638E-02  5.591376E-02  6.435868E+00
   2.73000      0.500000      4.451392E-02  2.699150E-02  5.205794E-02  5.989488E+00
   2.76500      0.500000      4.162081E-02  2.482661E-02  4.846290E-02  5.577530E+00
   2.80000      0.500000      3.859734E-02  2.282384E-02  4.484063E-02  5.208485E+00
   2.83500      0.500000      3.610847E-02  2.105000E-02  4.179622E-02  4.859685E+00
   2.87000      0.500000      3.386794E-02  1.927616E-02  3.896932E-02  4.539089E+00
   2.90500      0.500000      3.151249E-02  1.766051E-02  3.612382E-02  4.253269E+00
   2.94000      0.500000      2.959792E-02  1.619488E-02  3.373887E-02  3.984116E+00
   2.97500      0.500000      2.788854E-02  1.472925E-02  3.153921E-02  3.738267E+00
   3.01000      0.500000      2.608267E-02  1.340599E-02  2.932620E-02  3.520737E+00
   3.04500      0.500000      2.463995E-02  1.217920E-02  2.748564E-02  3.317333E+00
   3.08000      0.500000      2.321694E-02  1.089038E-02  2.564423E-02  3.137615E+00
   3.11500      0.500000      2.202217E-02  9.843288E-03  2.412191E-02  2.972781E+00
   3.15000      0.500000      2.097400E-02  8.796197E-03  2.274383E-02  2.824595E+00
   3.18500      0.500000      1.995577E-02  7.708115E-03  2.139270E-02  2.695957E+00
   3.22000      0.500000      1.911698E-02  6.788116E-03  2.028639E-02  2.580711E+00
   3.25500      0.500000      1.840699E-02  5.868118E-03  1.931973E-02  2.480093E+00
   3.29000      0.500000      1.769805E-02  4.923394E-03  1.837010E-02  2.399454E+00
   3.32500      0.500000      1.719153E-02  4.102828E-03  1.767433E-02  2.327695E+00
   3.36000      0.500000      1.677710E-02  3.282263E-03  1.709516E-02  2.268983E+00
   3.39500      0.500000      1.639999E-02  2.414461E-03  1.657677E-02  2.221974E+00
   3.43000      0.500000      1.617162E-02  1.609641E-03  1.625153E-02  2.189982E+00
   3.46500      0.500000      1.603460E-02  8.048204E-04  1.605479E-02  2.170787E+00
   3.50000      0.500000      1.598893E-02  0.000000E+00  1.598893E-02  2.164389E+00
EndData
EndFile
