Center
Title
Electromagnetic field data from file PILL-3CM.AF
SubTitle
Problem title line 1: 816MHz 3cm int width cavity with 1cm nose cone - .1 mesh 1MV/m

MArkersize -0.3
Abscissa 1
Ordinate 3 4


Titles
Z
R
Ez
Er
|E|
H 
EndTitles

AxisLabels
Z (cm)
R (cm)
Ez (MV/m)
Er (MV/m)
E (MV/m)
H  (A/m)
EndLabels

CurveLabels
Z
R
Ez
Er
E
H 
EndLabels

Data
;     Z             R              Ez            Er            |E|           H 
;   (cm)          (cm)           (MV/m)        (MV/m)        (MV/m)        (A/m) 
   0.00000       0.00000      2.125884E+00  0.000000E+00  2.125884E+00  0.000000E+00
  1.700000E-02   0.00000      2.125432E+00  0.000000E+00  2.125432E+00  0.000000E+00
  3.400000E-02   0.00000      2.124074E+00  0.000000E+00  2.124074E+00  0.000000E+00
  5.100000E-02   0.00000      2.121811E+00  0.000000E+00  2.121811E+00  0.000000E+00
  6.800000E-02   0.00000      2.118643E+00  0.000000E+00  2.118643E+00  0.000000E+00
  8.500000E-02   0.00000      2.114570E+00  0.000000E+00  2.114570E+00  0.000000E+00
  0.102000       0.00000      2.110953E+00  0.000000E+00  2.110953E+00  0.000000E+00
  0.119000       0.00000      2.105170E+00  0.000000E+00  2.105170E+00  0.000000E+00
  0.136000       0.00000      2.098496E+00  0.000000E+00  2.098496E+00  0.000000E+00
  0.153000       0.00000      2.090933E+00  0.000000E+00  2.090933E+00  0.000000E+00
  0.170000       0.00000      2.082480E+00  0.000000E+00  2.082480E+00  0.000000E+00
  0.187000       0.00000      2.073138E+00  0.000000E+00  2.073138E+00  0.000000E+00
  0.204000       0.00000      2.063246E+00  0.000000E+00  2.063246E+00  0.000000E+00
  0.221000       0.00000      2.052182E+00  0.000000E+00  2.052182E+00  0.000000E+00
  0.238000       0.00000      2.040325E+00  0.000000E+00  2.040325E+00  0.000000E+00
  0.255000       0.00000      2.027675E+00  0.000000E+00  2.027675E+00  0.000000E+00
  0.272000       0.00000      2.014233E+00  0.000000E+00  2.014233E+00  0.000000E+00
  0.289000       0.00000      1.999999E+00  0.000000E+00  1.999999E+00  0.000000E+00
  0.306000       0.00000      1.988460E+00  0.000000E+00  1.988460E+00  0.000000E+00
  0.323000       0.00000      1.972670E+00  0.000000E+00  1.972670E+00  0.000000E+00
  0.340000       0.00000      1.956191E+00  0.000000E+00  1.956191E+00  0.000000E+00
  0.357000       0.00000      1.939024E+00  0.000000E+00  1.939024E+00  0.000000E+00
  0.374000       0.00000      1.921167E+00  0.000000E+00  1.921167E+00  0.000000E+00
  0.391000       0.00000      1.902622E+00  0.000000E+00  1.902622E+00  0.000000E+00
  0.408000       0.00000      1.888038E+00  0.000000E+00  1.888038E+00  0.000000E+00
  0.425000       0.00000      1.868194E+00  0.000000E+00  1.868194E+00  0.000000E+00
  0.442000       0.00000      1.847797E+00  0.000000E+00  1.847797E+00  0.000000E+00
  0.459000       0.00000      1.826850E+00  0.000000E+00  1.826850E+00  0.000000E+00
  0.476000       0.00000      1.805351E+00  0.000000E+00  1.805351E+00  0.000000E+00
  0.493000       0.00000      1.783300E+00  0.000000E+00  1.783300E+00  0.000000E+00
  0.510000       0.00000      1.766174E+00  0.000000E+00  1.766174E+00  0.000000E+00
  0.527000       0.00000      1.743151E+00  0.000000E+00  1.743151E+00  0.000000E+00
  0.544000       0.00000      1.719742E+00  0.000000E+00  1.719742E+00  0.000000E+00
  0.561000       0.00000      1.695948E+00  0.000000E+00  1.695948E+00  0.000000E+00
  0.578000       0.00000      1.671768E+00  0.000000E+00  1.671768E+00  0.000000E+00
  0.595000       0.00000      1.647202E+00  0.000000E+00  1.647202E+00  0.000000E+00
  0.612000       0.00000      1.628209E+00  0.000000E+00  1.628209E+00  0.000000E+00
  0.629000       0.00000      1.603053E+00  0.000000E+00  1.603053E+00  0.000000E+00
  0.646000       0.00000      1.577695E+00  0.000000E+00  1.577695E+00  0.000000E+00
  0.663000       0.00000      1.552135E+00  0.000000E+00  1.552135E+00  0.000000E+00
  0.680000       0.00000      1.526373E+00  0.000000E+00  1.526373E+00  0.000000E+00
  0.697000       0.00000      1.500410E+00  0.000000E+00  1.500410E+00  0.000000E+00
  0.714000       0.00000      1.480267E+00  0.000000E+00  1.480267E+00  0.000000E+00
  0.731000       0.00000      1.454121E+00  0.000000E+00  1.454121E+00  0.000000E+00
  0.748000       0.00000      1.427961E+00  0.000000E+00  1.427961E+00  0.000000E+00
  0.765000       0.00000      1.401789E+00  0.000000E+00  1.401789E+00  0.000000E+00
  0.782000       0.00000      1.375603E+00  0.000000E+00  1.375603E+00  0.000000E+00
  0.799000       0.00000      1.349405E+00  0.000000E+00  1.349405E+00  0.000000E+00
  0.816000       0.00000      1.328833E+00  0.000000E+00  1.328833E+00  0.000000E+00
  0.833000       0.00000      1.302848E+00  0.000000E+00  1.302848E+00  0.000000E+00
  0.850000       0.00000      1.277028E+00  0.000000E+00  1.277028E+00  0.000000E+00
  0.867000       0.00000      1.251372E+00  0.000000E+00  1.251372E+00  0.000000E+00
  0.884000       0.00000      1.225881E+00  0.000000E+00  1.225881E+00  0.000000E+00
  0.901000       0.00000      1.205345E+00  0.000000E+00  1.205345E+00  0.000000E+00
  0.918000       0.00000      1.180265E+00  0.000000E+00  1.180265E+00  0.000000E+00
  0.935000       0.00000      1.155503E+00  0.000000E+00  1.155503E+00  0.000000E+00
  0.952000       0.00000      1.131058E+00  0.000000E+00  1.131058E+00  0.000000E+00
  0.969000       0.00000      1.106931E+00  0.000000E+00  1.106931E+00  0.000000E+00
  0.986000       0.00000      1.083122E+00  0.000000E+00  1.083122E+00  0.000000E+00
   1.00300       0.00000      1.063399E+00  0.000000E+00  1.063399E+00  0.000000E+00
   1.02000       0.00000      1.040311E+00  0.000000E+00  1.040311E+00  0.000000E+00
   1.03700       0.00000      1.017662E+00  0.000000E+00  1.017662E+00  0.000000E+00
   1.05400       0.00000      9.954504E-01  0.000000E+00  9.954504E-01  0.000000E+00
   1.07100       0.00000      9.736765E-01  0.000000E+00  9.736765E-01  0.000000E+00
   1.08800       0.00000      9.523404E-01  0.000000E+00  9.523404E-01  0.000000E+00
   1.10500       0.00000      9.341183E-01  0.000000E+00  9.341183E-01  0.000000E+00
   1.12200       0.00000      9.137344E-01  0.000000E+00  9.137344E-01  0.000000E+00
   1.13900       0.00000      8.938725E-01  0.000000E+00  8.938725E-01  0.000000E+00
   1.15600       0.00000      8.745326E-01  0.000000E+00  8.745326E-01  0.000000E+00
   1.17300       0.00000      8.557147E-01  0.000000E+00  8.557147E-01  0.000000E+00
   1.19000       0.00000      8.374187E-01  0.000000E+00  8.374187E-01  0.000000E+00
   1.20700       0.00000      8.213179E-01  0.000000E+00  8.213179E-01  0.000000E+00
   1.22400       0.00000      8.041237E-01  0.000000E+00  8.041237E-01  0.000000E+00
   1.24100       0.00000      7.875032E-01  0.000000E+00  7.875032E-01  0.000000E+00
   1.25800       0.00000      7.714564E-01  0.000000E+00  7.714564E-01  0.000000E+00
   1.27500       0.00000      7.559832E-01  0.000000E+00  7.559832E-01  0.000000E+00
   1.29200       0.00000      7.410838E-01  0.000000E+00  7.410838E-01  0.000000E+00
   1.30900       0.00000      7.276498E-01  0.000000E+00  7.276498E-01  0.000000E+00
   1.32600       0.00000      7.139342E-01  0.000000E+00  7.139342E-01  0.000000E+00
   1.34300       0.00000      7.008187E-01  0.000000E+00  7.008187E-01  0.000000E+00
   1.36000       0.00000      6.883033E-01  0.000000E+00  6.883033E-01  0.000000E+00
   1.37700       0.00000      6.763880E-01  0.000000E+00  6.763880E-01  0.000000E+00
   1.39400       0.00000      6.650728E-01  0.000000E+00  6.650728E-01  0.000000E+00
   1.41100       0.00000      6.549905E-01  0.000000E+00  6.549905E-01  0.000000E+00
   1.42800       0.00000      6.448882E-01  0.000000E+00  6.448882E-01  0.000000E+00
   1.44500       0.00000      6.353981E-01  0.000000E+00  6.353981E-01  0.000000E+00
   1.46200       0.00000      6.265204E-01  0.000000E+00  6.265204E-01  0.000000E+00
   1.47900       0.00000      6.182549E-01  0.000000E+00  6.182549E-01  0.000000E+00
   1.49600       0.00000      6.106016E-01  0.000000E+00  6.106016E-01  0.000000E+00
   1.51300       0.00000      6.044523E-01  0.000000E+00  6.044523E-01  0.000000E+00
   1.53000       0.00000      5.979768E-01  0.000000E+00  5.979768E-01  0.000000E+00
   1.54700       0.00000      5.921180E-01  0.000000E+00  5.921180E-01  0.000000E+00
   1.56400       0.00000      5.868760E-01  0.000000E+00  5.868760E-01  0.000000E+00
   1.58100       0.00000      5.822506E-01  0.000000E+00  5.822506E-01  0.000000E+00
   1.59800       0.00000      5.782420E-01  0.000000E+00  5.782420E-01  0.000000E+00
   1.61500       0.00000      5.752702E-01  0.000000E+00  5.752702E-01  0.000000E+00
   1.63200       0.00000      5.724699E-01  0.000000E+00  5.724699E-01  0.000000E+00
   1.64900       0.00000      5.702918E-01  0.000000E+00  5.702918E-01  0.000000E+00
   1.66600       0.00000      5.687361E-01  0.000000E+00  5.687361E-01  0.000000E+00
   1.68300       0.00000      5.678026E-01  0.000000E+00  5.678026E-01  0.000000E+00
   1.70000       0.00000      5.674915E-01  0.000000E+00  5.674915E-01  0.000000E+00
EndData
EndFile
