Center
Title
Electromagnetic field data from file PILL-2CM.AF
SubTitle
Problem title line 1: 816MHz cavity with 0.6cm nose cone,2cm internal width, 2.4cm external

MArkersize -0.3
Abscissa 1
Ordinate 3 4


Titles
Z
R
Ez
Er
|E|
H 
EndTitles

AxisLabels
Z (cm)
R (cm)
Ez (MV/m)
Er (MV/m)
E (MV/m)
H  (A/m)
EndLabels

CurveLabels
Z
R
Ez
Er
E
H 
EndLabels

Data
;     Z             R              Ez            Er            |E|           H 
;   (cm)          (cm)           (MV/m)        (MV/m)        (MV/m)        (A/m) 
   0.00000       0.00000      1.899898E+00  0.000000E+00  1.899898E+00  0.000000E+00
  1.200000E-02   0.00000      1.899621E+00  0.000000E+00  1.899621E+00  0.000000E+00
  2.400000E-02   0.00000      1.898787E+00  0.000000E+00  1.898787E+00  0.000000E+00
  3.600000E-02   0.00000      1.897397E+00  0.000000E+00  1.897397E+00  0.000000E+00
  4.800000E-02   0.00000      1.895452E+00  0.000000E+00  1.895452E+00  0.000000E+00
  6.000000E-02   0.00000      1.892950E+00  0.000000E+00  1.892950E+00  0.000000E+00
  7.200000E-02   0.00000      1.889893E+00  0.000000E+00  1.889893E+00  0.000000E+00
  8.400000E-02   0.00000      1.886280E+00  0.000000E+00  1.886280E+00  0.000000E+00
  9.600000E-02   0.00000      1.882111E+00  0.000000E+00  1.882111E+00  0.000000E+00
  0.108000       0.00000      1.881851E+00  0.000000E+00  1.881851E+00  0.000000E+00
  0.120000       0.00000      1.876774E+00  0.000000E+00  1.876774E+00  0.000000E+00
  0.132000       0.00000      1.871163E+00  0.000000E+00  1.871163E+00  0.000000E+00
  0.144000       0.00000      1.865017E+00  0.000000E+00  1.865017E+00  0.000000E+00
  0.156000       0.00000      1.858337E+00  0.000000E+00  1.858337E+00  0.000000E+00
  0.168000       0.00000      1.851123E+00  0.000000E+00  1.851123E+00  0.000000E+00
  0.180000       0.00000      1.843374E+00  0.000000E+00  1.843374E+00  0.000000E+00
  0.192000       0.00000      1.835090E+00  0.000000E+00  1.835090E+00  0.000000E+00
  0.204000       0.00000      1.827767E+00  0.000000E+00  1.827767E+00  0.000000E+00
  0.216000       0.00000      1.818531E+00  0.000000E+00  1.818531E+00  0.000000E+00
  0.228000       0.00000      1.808892E+00  0.000000E+00  1.808892E+00  0.000000E+00
  0.240000       0.00000      1.798850E+00  0.000000E+00  1.798850E+00  0.000000E+00
  0.252000       0.00000      1.788406E+00  0.000000E+00  1.788406E+00  0.000000E+00
  0.264000       0.00000      1.777560E+00  0.000000E+00  1.777560E+00  0.000000E+00
  0.276000       0.00000      1.766311E+00  0.000000E+00  1.766311E+00  0.000000E+00
  0.288000       0.00000      1.754659E+00  0.000000E+00  1.754659E+00  0.000000E+00
  0.300000       0.00000      1.750371E+00  0.000000E+00  1.750371E+00  0.000000E+00
  0.312000       0.00000      1.737898E+00  0.000000E+00  1.737898E+00  0.000000E+00
  0.324000       0.00000      1.725145E+00  0.000000E+00  1.725145E+00  0.000000E+00
  0.336000       0.00000      1.712113E+00  0.000000E+00  1.712113E+00  0.000000E+00
  0.348000       0.00000      1.698802E+00  0.000000E+00  1.698802E+00  0.000000E+00
  0.360000       0.00000      1.685210E+00  0.000000E+00  1.685210E+00  0.000000E+00
  0.372000       0.00000      1.671340E+00  0.000000E+00  1.671340E+00  0.000000E+00
  0.384000       0.00000      1.657189E+00  0.000000E+00  1.657189E+00  0.000000E+00
  0.396000       0.00000      1.642759E+00  0.000000E+00  1.642759E+00  0.000000E+00
  0.408000       0.00000      1.636941E+00  0.000000E+00  1.636941E+00  0.000000E+00
  0.420000       0.00000      1.622059E+00  0.000000E+00  1.622059E+00  0.000000E+00
  0.432000       0.00000      1.607038E+00  0.000000E+00  1.607038E+00  0.000000E+00
  0.444000       0.00000      1.591878E+00  0.000000E+00  1.591878E+00  0.000000E+00
  0.456000       0.00000      1.576580E+00  0.000000E+00  1.576580E+00  0.000000E+00
  0.468000       0.00000      1.561142E+00  0.000000E+00  1.561142E+00  0.000000E+00
  0.480000       0.00000      1.545566E+00  0.000000E+00  1.545566E+00  0.000000E+00
  0.492000       0.00000      1.529852E+00  0.000000E+00  1.529852E+00  0.000000E+00
  0.504000       0.00000      1.522927E+00  0.000000E+00  1.522927E+00  0.000000E+00
  0.516000       0.00000      1.507014E+00  0.000000E+00  1.507014E+00  0.000000E+00
  0.528000       0.00000      1.491104E+00  0.000000E+00  1.491104E+00  0.000000E+00
  0.540000       0.00000      1.475199E+00  0.000000E+00  1.475199E+00  0.000000E+00
  0.552000       0.00000      1.459297E+00  0.000000E+00  1.459297E+00  0.000000E+00
  0.564000       0.00000      1.443399E+00  0.000000E+00  1.443399E+00  0.000000E+00
  0.576000       0.00000      1.427506E+00  0.000000E+00  1.427506E+00  0.000000E+00
  0.588000       0.00000      1.411616E+00  0.000000E+00  1.411616E+00  0.000000E+00
  0.600000       0.00000      1.403865E+00  0.000000E+00  1.403865E+00  0.000000E+00
  0.612000       0.00000      1.388022E+00  0.000000E+00  1.388022E+00  0.000000E+00
  0.624000       0.00000      1.372312E+00  0.000000E+00  1.372312E+00  0.000000E+00
  0.636000       0.00000      1.356737E+00  0.000000E+00  1.356737E+00  0.000000E+00
  0.648000       0.00000      1.341296E+00  0.000000E+00  1.341296E+00  0.000000E+00
  0.660000       0.00000      1.325989E+00  0.000000E+00  1.325989E+00  0.000000E+00
  0.672000       0.00000      1.310816E+00  0.000000E+00  1.310816E+00  0.000000E+00
  0.684000       0.00000      1.295778E+00  0.000000E+00  1.295778E+00  0.000000E+00
  0.696000       0.00000      1.280873E+00  0.000000E+00  1.280873E+00  0.000000E+00
  0.708000       0.00000      1.272868E+00  0.000000E+00  1.272868E+00  0.000000E+00
  0.720000       0.00000      1.258338E+00  0.000000E+00  1.258338E+00  0.000000E+00
  0.732000       0.00000      1.244050E+00  0.000000E+00  1.244050E+00  0.000000E+00
  0.744000       0.00000      1.230004E+00  0.000000E+00  1.230004E+00  0.000000E+00
  0.756000       0.00000      1.216201E+00  0.000000E+00  1.216201E+00  0.000000E+00
  0.768000       0.00000      1.202640E+00  0.000000E+00  1.202640E+00  0.000000E+00
  0.780000       0.00000      1.189322E+00  0.000000E+00  1.189322E+00  0.000000E+00
  0.792000       0.00000      1.176246E+00  0.000000E+00  1.176246E+00  0.000000E+00
  0.804000       0.00000      1.168532E+00  0.000000E+00  1.168532E+00  0.000000E+00
  0.816000       0.00000      1.155987E+00  0.000000E+00  1.155987E+00  0.000000E+00
  0.828000       0.00000      1.143767E+00  0.000000E+00  1.143767E+00  0.000000E+00
  0.840000       0.00000      1.131871E+00  0.000000E+00  1.131871E+00  0.000000E+00
  0.852000       0.00000      1.120300E+00  0.000000E+00  1.120300E+00  0.000000E+00
  0.864000       0.00000      1.109054E+00  0.000000E+00  1.109054E+00  0.000000E+00
  0.876000       0.00000      1.098132E+00  0.000000E+00  1.098132E+00  0.000000E+00
  0.888000       0.00000      1.087534E+00  0.000000E+00  1.087534E+00  0.000000E+00
  0.900000       0.00000      1.078674E+00  0.000000E+00  1.078674E+00  0.000000E+00
  0.912000       0.00000      1.068565E+00  0.000000E+00  1.068565E+00  0.000000E+00
  0.924000       0.00000      1.058868E+00  0.000000E+00  1.058868E+00  0.000000E+00
  0.936000       0.00000      1.049585E+00  0.000000E+00  1.049585E+00  0.000000E+00
  0.948000       0.00000      1.040714E+00  0.000000E+00  1.040714E+00  0.000000E+00
  0.960000       0.00000      1.032255E+00  0.000000E+00  1.032255E+00  0.000000E+00
  0.972000       0.00000      1.024209E+00  0.000000E+00  1.024209E+00  0.000000E+00
  0.984000       0.00000      1.016576E+00  0.000000E+00  1.016576E+00  0.000000E+00
  0.996000       0.00000      1.009355E+00  0.000000E+00  1.009355E+00  0.000000E+00
   1.00800       0.00000      1.007527E+00  0.000000E+00  1.007527E+00  0.000000E+00
   1.02000       0.00000      1.000929E+00  0.000000E+00  1.000929E+00  0.000000E+00
   1.03200       0.00000      9.947570E-01  0.000000E+00  9.947570E-01  0.000000E+00
   1.04400       0.00000      9.890104E-01  0.000000E+00  9.890104E-01  0.000000E+00
   1.05600       0.00000      9.836895E-01  0.000000E+00  9.836895E-01  0.000000E+00
   1.06800       0.00000      9.787942E-01  0.000000E+00  9.787942E-01  0.000000E+00
   1.08000       0.00000      9.743246E-01  0.000000E+00  9.743246E-01  0.000000E+00
   1.09200       0.00000      9.702806E-01  0.000000E+00  9.702806E-01  0.000000E+00
   1.10400       0.00000      9.690175E-01  0.000000E+00  9.690175E-01  0.000000E+00
   1.11600       0.00000      9.657662E-01  0.000000E+00  9.657662E-01  0.000000E+00
   1.12800       0.00000      9.629485E-01  0.000000E+00  9.629485E-01  0.000000E+00
   1.14000       0.00000      9.605643E-01  0.000000E+00  9.605643E-01  0.000000E+00
   1.15200       0.00000      9.586135E-01  0.000000E+00  9.586135E-01  0.000000E+00
   1.16400       0.00000      9.570963E-01  0.000000E+00  9.570963E-01  0.000000E+00
   1.17600       0.00000      9.560125E-01  0.000000E+00  9.560125E-01  0.000000E+00
   1.18800       0.00000      9.553623E-01  0.000000E+00  9.553623E-01  0.000000E+00
   1.20000       0.00000      9.551455E-01  0.000000E+00  9.551455E-01  0.000000E+00
EndData
EndFile
