Center
Title
Electromagnetic field data from file WDK2_0.AF
SubTitle
Problem title line 1: 1/2 reentrant cavity with 0.5cm nose cone - .1 mesh 1MV/m diam.=13.5cm

MArkersize -0.3
Abscissa 1
Ordinate 3 4


Titles
Z
R
Ez
Er
|E|
H 
EndTitles

AxisLabels
Z (cm)
R (cm)
Ez (MV/m)
Er (MV/m)
E (MV/m)
H  (A/m)
EndLabels

CurveLabels
Z
R
Ez
Er
E
H 
EndLabels

Data
;     Z             R              Ez            Er            |E|           H 
;   (cm)          (cm)           (MV/m)        (MV/m)        (MV/m)        (A/m) 
   0.00000       0.00000      4.175200E+00  0.000000E+00  4.175200E+00  0.000000E+00
  4.000000E-02   0.00000      4.173227E+00  0.000000E+00  4.173227E+00  0.000000E+00
  8.000000E-02   0.00000      4.167308E+00  0.000000E+00  4.167308E+00  0.000000E+00
  0.120000       0.00000      4.156699E+00  0.000000E+00  4.156699E+00  0.000000E+00
  0.160000       0.00000      4.142851E+00  0.000000E+00  4.142851E+00  0.000000E+00
  0.200000       0.00000      4.124166E+00  0.000000E+00  4.124166E+00  0.000000E+00
  0.240000       0.00000      4.102317E+00  0.000000E+00  4.102317E+00  0.000000E+00
  0.280000       0.00000      4.076431E+00  0.000000E+00  4.076431E+00  0.000000E+00
  0.320000       0.00000      4.046108E+00  0.000000E+00  4.046108E+00  0.000000E+00
  0.360000       0.00000      4.012077E+00  0.000000E+00  4.012077E+00  0.000000E+00
  0.400000       0.00000      3.973906E+00  0.000000E+00  3.973906E+00  0.000000E+00
  0.440000       0.00000      3.931654E+00  0.000000E+00  3.931654E+00  0.000000E+00
  0.480000       0.00000      3.885297E+00  0.000000E+00  3.885297E+00  0.000000E+00
  0.520000       0.00000      3.835214E+00  0.000000E+00  3.835214E+00  0.000000E+00
  0.560000       0.00000      3.780638E+00  0.000000E+00  3.780638E+00  0.000000E+00
  0.600000       0.00000      3.723082E+00  0.000000E+00  3.723082E+00  0.000000E+00
  0.640000       0.00000      3.660398E+00  0.000000E+00  3.660398E+00  0.000000E+00
  0.680000       0.00000      3.593814E+00  0.000000E+00  3.593814E+00  0.000000E+00
  0.720000       0.00000      3.525274E+00  0.000000E+00  3.525274E+00  0.000000E+00
  0.760000       0.00000      3.451102E+00  0.000000E+00  3.451102E+00  0.000000E+00
  0.800000       0.00000      3.376281E+00  0.000000E+00  3.376281E+00  0.000000E+00
  0.840000       0.00000      3.295050E+00  0.000000E+00  3.295050E+00  0.000000E+00
  0.880000       0.00000      3.210686E+00  0.000000E+00  3.210686E+00  0.000000E+00
  0.920000       0.00000      3.127189E+00  0.000000E+00  3.127189E+00  0.000000E+00
  0.960000       0.00000      3.037112E+00  0.000000E+00  3.037112E+00  0.000000E+00
   1.00000       0.00000      2.949394E+00  0.000000E+00  2.949394E+00  0.000000E+00
   1.04000       0.00000      2.854658E+00  0.000000E+00  2.854658E+00  0.000000E+00
   1.08000       0.00000      2.758225E+00  0.000000E+00  2.758225E+00  0.000000E+00
   1.12000       0.00000      2.665651E+00  0.000000E+00  2.665651E+00  0.000000E+00
   1.16000       0.00000      2.566682E+00  0.000000E+00  2.566682E+00  0.000000E+00
   1.20000       0.00000      2.472616E+00  0.000000E+00  2.472616E+00  0.000000E+00
   1.24000       0.00000      2.372521E+00  0.000000E+00  2.372521E+00  0.000000E+00
   1.28000       0.00000      2.272577E+00  0.000000E+00  2.272577E+00  0.000000E+00
   1.32000       0.00000      2.178396E+00  0.000000E+00  2.178396E+00  0.000000E+00
   1.36000       0.00000      2.079686E+00  0.000000E+00  2.079686E+00  0.000000E+00
   1.40000       0.00000      1.986894E+00  0.000000E+00  1.986894E+00  0.000000E+00
   1.44000       0.00000      1.890756E+00  0.000000E+00  1.890756E+00  0.000000E+00
   1.48000       0.00000      1.796474E+00  0.000000E+00  1.796474E+00  0.000000E+00
   1.52000       0.00000      1.708068E+00  0.000000E+00  1.708068E+00  0.000000E+00
   1.56000       0.00000      1.618208E+00  0.000000E+00  1.618208E+00  0.000000E+00
   1.60000       0.00000      1.533588E+00  0.000000E+00  1.533588E+00  0.000000E+00
   1.64000       0.00000      1.449008E+00  0.000000E+00  1.449008E+00  0.000000E+00
   1.68000       0.00000      1.367351E+00  0.000000E+00  1.367351E+00  0.000000E+00
   1.72000       0.00000      1.290255E+00  0.000000E+00  1.290255E+00  0.000000E+00
   1.76000       0.00000      1.214767E+00  0.000000E+00  1.214767E+00  0.000000E+00
   1.80000       0.00000      1.142910E+00  0.000000E+00  1.142910E+00  0.000000E+00
   1.84000       0.00000      1.073848E+00  0.000000E+00  1.073848E+00  0.000000E+00
   1.88000       0.00000      1.008004E+00  0.000000E+00  1.008004E+00  0.000000E+00
   1.92000       0.00000      9.449654E-01  0.000000E+00  9.449654E-01  0.000000E+00
   1.96000       0.00000      8.855380E-01  0.000000E+00  8.855380E-01  0.000000E+00
   2.00000       0.00000      8.281353E-01  0.000000E+00  8.281353E-01  0.000000E+00
   2.04000       0.00000      7.749322E-01  0.000000E+00  7.749322E-01  0.000000E+00
   2.08000       0.00000      7.246777E-01  0.000000E+00  7.246777E-01  0.000000E+00
   2.12000       0.00000      6.758022E-01  0.000000E+00  6.758022E-01  0.000000E+00
   2.16000       0.00000      6.312273E-01  0.000000E+00  6.312273E-01  0.000000E+00
   2.20000       0.00000      5.875544E-01  0.000000E+00  5.875544E-01  0.000000E+00
   2.24000       0.00000      5.482549E-01  0.000000E+00  5.482549E-01  0.000000E+00
   2.28000       0.00000      5.113707E-01  0.000000E+00  5.113707E-01  0.000000E+00
   2.32000       0.00000      4.749946E-01  0.000000E+00  4.749946E-01  0.000000E+00
   2.36000       0.00000      4.426615E-01  0.000000E+00  4.426615E-01  0.000000E+00
   2.40000       0.00000      4.106122E-01  0.000000E+00  4.106122E-01  0.000000E+00
   2.44000       0.00000      3.823921E-01  0.000000E+00  3.823921E-01  0.000000E+00
   2.48000       0.00000      3.560151E-01  0.000000E+00  3.560151E-01  0.000000E+00
   2.52000       0.00000      3.297182E-01  0.000000E+00  3.297182E-01  0.000000E+00
   2.56000       0.00000      3.067654E-01  0.000000E+00  3.067654E-01  0.000000E+00
   2.60000       0.00000      2.838159E-01  0.000000E+00  2.838159E-01  0.000000E+00
   2.64000       0.00000      2.639041E-01  0.000000E+00  2.639041E-01  0.000000E+00
   2.68000       0.00000      2.453359E-01  0.000000E+00  2.453359E-01  0.000000E+00
   2.72000       0.00000      2.266767E-01  0.000000E+00  2.266767E-01  0.000000E+00
   2.76000       0.00000      2.105822E-01  0.000000E+00  2.105822E-01  0.000000E+00
   2.80000       0.00000      1.943868E-01  0.000000E+00  1.943868E-01  0.000000E+00
   2.84000       0.00000      1.804635E-01  0.000000E+00  1.804635E-01  0.000000E+00
   2.88000       0.00000      1.674897E-01  0.000000E+00  1.674897E-01  0.000000E+00
   2.92000       0.00000      1.543739E-01  0.000000E+00  1.543739E-01  0.000000E+00
   2.96000       0.00000      1.431373E-01  0.000000E+00  1.431373E-01  0.000000E+00
   3.00000       0.00000      1.317710E-01  0.000000E+00  1.317710E-01  0.000000E+00
   3.04000       0.00000      1.220452E-01  0.000000E+00  1.220452E-01  0.000000E+00
   3.08000       0.00000      1.129739E-01  0.000000E+00  1.129739E-01  0.000000E+00
   3.12000       0.00000      1.037539E-01  0.000000E+00  1.037539E-01  0.000000E+00
   3.16000       0.00000      9.587337E-02  0.000000E+00  9.587337E-02  0.000000E+00
   3.20000       0.00000      8.785782E-02  0.000000E+00  8.785782E-02  0.000000E+00
   3.24000       0.00000      8.100286E-02  0.000000E+00  8.100286E-02  0.000000E+00
   3.28000       0.00000      7.458625E-02  0.000000E+00  7.458625E-02  0.000000E+00
   3.32000       0.00000      6.802218E-02  0.000000E+00  6.802218E-02  0.000000E+00
   3.36000       0.00000      6.239771E-02  0.000000E+00  6.239771E-02  0.000000E+00
   3.40000       0.00000      5.663179E-02  0.000000E+00  5.663179E-02  0.000000E+00
   3.44000       0.00000      5.167886E-02  0.000000E+00  5.167886E-02  0.000000E+00
   3.48000       0.00000      4.700531E-02  0.000000E+00  4.700531E-02  0.000000E+00
   3.52000       0.00000      4.217655E-02  0.000000E+00  4.217655E-02  0.000000E+00
   3.56000       0.00000      3.800180E-02  0.000000E+00  3.800180E-02  0.000000E+00
   3.60000       0.00000      3.366333E-02  0.000000E+00  3.366333E-02  0.000000E+00
   3.64000       0.00000      2.989781E-02  0.000000E+00  2.989781E-02  0.000000E+00
   3.68000       0.00000      2.628916E-02  0.000000E+00  2.628916E-02  0.000000E+00
   3.72000       0.00000      2.383145E-02  0.000000E+00  2.383145E-02  0.000000E+00
   3.76000       0.00000      2.042695E-02  0.000000E+00  2.042695E-02  0.000000E+00
   3.80000       0.00000      1.644449E-02  0.000000E+00  1.644449E-02  0.000000E+00
   3.84000       0.00000      1.315559E-02  0.000000E+00  1.315559E-02  0.000000E+00
   3.88000       0.00000      9.866691E-03  0.000000E+00  9.866691E-03  0.000000E+00
   3.92000       0.00000      6.400869E-03  0.000000E+00  6.400869E-03  0.000000E+00
   3.96000       0.00000      3.200435E-03  0.000000E+00  3.200435E-03  0.000000E+00
   4.00000       0.00000      1.600200E-03  0.000000E+00  0.000000E+00  0.000000E+00
EndData
EndFile
