ALCELI'
GEBEAM
2 1 ; LAW ITWISS
800000000.0 3000 ; FH IMAX
0.0 0.0 0.0 0.0 0.0 0.0 ; CENTRE
0.0 3.713 1.0 ; ALPHAX BETAX EMITX
0.0 2.501 1.0 ; ALPHAY BETAY EMITY
0.0 0.04306851815714873 537.5903029344565 ; ALPHAZ BETAZ EMITZ
INPUT
938.2720813 1.0 1.0 ; UEM ATM Q
80.0 0.0 ; ENEDEP TOF
REFCOG
2 ; ISHIFT
EMIPRT
1 ; IEMQESG
EMITGR
IN
1 5 ; IDWDP RMSMTP
1.0 5.0 1.0 5.0 1.0 1.0 20.0 1.0 ; XLIM1,...YLIM4
;ALCELI begin
QUADRUPO
1.0 4.746499999999999 1.0999999999999999 ; XL BQ RG
DRIFT
6.0 ; LD
CAVSC
1 0.0 0.0 4.6 0.83 0.069 0.0 0.0 0.0 0.0 1.0 -60.0 0.0 0.0049 800.0 1.0 ; ETCELL
CAVSC
2 0.0 0.0 4.6 0.83 0.069 0.0 0.0 0.0 0.0 1.0 -60.0 0.0 0.0049 800.0 1.0 ; ETCELL
CAVSC
3 0.0 0.0 4.6 0.83 0.069 0.0 0.0 0.0 0.0 1.0 -60.0 0.0 0.0049 800.0 1.0 ; ETCELL
CAVSC
4 0.0 0.0 4.6 0.83 0.069 0.0 0.0 0.0 0.0 1.0 -60.0 0.0 0.0049 800.0 1.0 ; ETCELL
CAVSC
5 0.0 0.0 4.6 0.83 0.069 0.0 0.0 0.0 0.0 1.0 -60.0 0.0 0.0049 800.0 1.0 ; ETCELL
CAVSC
6 0.0 0.0 4.6 0.83 0.069 0.0 0.0 0.0 0.0 1.0 -60.0 0.0 0.0049 800.0 1.0 ; ETCELL
CAVSC
7 0.0 0.0 4.6 0.83 0.069 0.0 0.0 0.0 0.0 1.0 -60.0 0.0 0.0049 800.0 1.0 ; ETCELL
CAVSC
8 0.0 0.0 4.6 0.83 0.069 0.0 0.0 0.0 0.0 1.0 -60.0 0.0 0.0049 800.0 1.0 ; ETCELL
CAVSC
9 0.0 0.0 4.6 0.83 0.069 0.0 0.0 0.0 0.0 1.0 -60.0 0.0 0.0049 800.0 1.0 ; ETCELL
CAVSC
10 0.0 0.0 4.6 0.83 0.069 0.0 0.0 0.0 0.0 1.0 -60.0 0.0 0.0049 800.0 1.0 ; ETCELL
DRIFT
14.000000000000002 ; LD
CAVSC
11 0.0 0.0 4.6 0.83 0.069 0.0 0.0 0.0 0.0 1.0 -60.0 0.0 0.0049 800.0 1.0 ; ETCELL
CAVSC
12 0.0 0.0 4.6 0.83 0.069 0.0 0.0 0.0 0.0 1.0 -60.0 0.0 0.0049 800.0 1.0 ; ETCELL
CAVSC
13 0.0 0.0 4.6 0.83 0.069 0.0 0.0 0.0 0.0 1.0 -60.0 0.0 0.0049 800.0 1.0 ; ETCELL
CAVSC
14 0.0 0.0 4.6 0.83 0.069 0.0 0.0 0.0 0.0 1.0 -60.0 0.0 0.0049 800.0 1.0 ; ETCELL
CAVSC
15 0.0 0.0 4.6 0.83 0.069 0.0 0.0 0.0 0.0 1.0 -60.0 0.0 0.0049 800.0 1.0 ; ETCELL
CAVSC
16 0.0 0.0 4.6 0.83 0.069 0.0 0.0 0.0 0.0 1.0 -60.0 0.0 0.0049 800.0 1.0 ; ETCELL
CAVSC
17 0.0 0.0 4.6 0.83 0.069 0.0 0.0 0.0 0.0 1.0 -60.0 0.0 0.0049 800.0 1.0 ; ETCELL
CAVSC
18 0.0 0.0 4.6 0.83 0.069 0.0 0.0 0.0 0.0 1.0 -60.0 0.0 0.0049 800.0 1.0 ; ETCELL
CAVSC
19 0.0 0.0 4.6 0.83 0.069 0.0 0.0 0.0 0.0 1.0 -60.0 0.0 0.0049 800.0 1.0 ; ETCELL
CAVSC
20 0.0 0.0 4.6 0.83 0.069 0.0 0.0 0.0 0.0 1.0 -60.0 0.0 0.0049 800.0 1.0 ; ETCELL
DRIFT
6.0 ; LD
QUADRUPO
2.0 -4.746499999999999 1.0999999999999999 ; XL BQ RG
DRIFT
6.0 ; LD
CAVSC
21 0.0 0.0 4.6 0.83 0.069 0.0 0.0 0.0 0.0 1.0 -60.0 0.0 0.0049 800.0 1.0 ; ETCELL
CAVSC
22 0.0 0.0 4.6 0.83 0.069 0.0 0.0 0.0 0.0 1.0 -60.0 0.0 0.0049 800.0 1.0 ; ETCELL
CAVSC
23 0.0 0.0 4.6 0.83 0.069 0.0 0.0 0.0 0.0 1.0 -60.0 0.0 0.0049 800.0 1.0 ; ETCELL
CAVSC
24 0.0 0.0 4.6 0.83 0.069 0.0 0.0 0.0 0.0 1.0 -60.0 0.0 0.0049 800.0 1.0 ; ETCELL
CAVSC
25 0.0 0.0 4.6 0.83 0.069 0.0 0.0 0.0 0.0 1.0 -60.0 0.0 0.0049 800.0 1.0 ; ETCELL
CAVSC
26 0.0 0.0 4.6 0.83 0.069 0.0 0.0 0.0 0.0 1.0 -60.0 0.0 0.0049 800.0 1.0 ; ETCELL
CAVSC
27 0.0 0.0 4.6 0.83 0.069 0.0 0.0 0.0 0.0 1.0 -60.0 0.0 0.0049 800.0 1.0 ; ETCELL
CAVSC
28 0.0 0.0 4.6 0.83 0.069 0.0 0.0 0.0 0.0 1.0 -60.0 0.0 0.0049 800.0 1.0 ; ETCELL
CAVSC
29 0.0 0.0 4.6 0.83 0.069 0.0 0.0 0.0 0.0 1.0 -60.0 0.0 0.0049 800.0 1.0 ; ETCELL
CAVSC
30 0.0 0.0 4.6 0.83 0.069 0.0 0.0 0.0 0.0 1.0 -60.0 0.0 0.0049 800.0 1.0 ; ETCELL
DRIFT
14.000000000000002 ; LD
CAVSC
31 0.0 0.0 4.6 0.83 0.069 0.0 0.0 0.0 0.0 1.0 -60.0 0.0 0.0049 800.0 1.0 ; ETCELL
CAVSC
32 0.0 0.0 4.6 0.83 0.069 0.0 0.0 0.0 0.0 1.0 -60.0 0.0 0.0049 800.0 1.0 ; ETCELL
CAVSC
33 0.0 0.0 4.6 0.83 0.069 0.0 0.0 0.0 0.0 1.0 -60.0 0.0 0.0049 800.0 1.0 ; ETCELL
CAVSC
34 0.0 0.0 4.6 0.83 0.069 0.0 0.0 0.0 0.0 1.0 -60.0 0.0 0.0049 800.0 1.0 ; ETCELL
CAVSC
35 0.0 0.0 4.6 0.83 0.069 0.0 0.0 0.0 0.0 1.0 -60.0 0.0 0.0049 800.0 1.0 ; ETCELL
CAVSC
36 0.0 0.0 4.6 0.83 0.069 0.0 0.0 0.0 0.0 1.0 -60.0 0.0 0.0049 800.0 1.0 ; ETCELL
CAVSC
37 0.0 0.0 4.6 0.83 0.069 0.0 0.0 0.0 0.0 1.0 -60.0 0.0 0.0049 800.0 1.0 ; ETCELL
CAVSC
38 0.0 0.0 4.6 0.83 0.069 0.0 0.0 0.0 0.0 1.0 -60.0 0.0 0.0049 800.0 1.0 ; ETCELL
CAVSC
39 0.0 0.0 4.6 0.83 0.069 0.0 0.0 0.0 0.0 1.0 -60.0 0.0 0.0049 800.0 1.0 ; ETCELL
CAVSC
40 0.0 0.0 4.6 0.83 0.069 0.0 0.0 0.0 0.0 1.0 -60.0 0.0 0.0049 800.0 1.0 ; ETCELL
DRIFT
6.0 ; LD
QUADRUPO
1.0 4.746499999999999 1.0999999999999999 ; XL BQ RG
QUADRUPO
1.0 4.746499999999999 1.0999999999999999 ; XL BQ RG
DRIFT
6.0 ; LD
CAVSC
41 0.0 0.0 4.6 0.83 0.069 0.0 0.0 0.0 0.0 1.0 -60.0 0.0 0.0049 800.0 1.0 ; ETCELL
CAVSC
42 0.0 0.0 4.6 0.83 0.069 0.0 0.0 0.0 0.0 1.0 -60.0 0.0 0.0049 800.0 1.0 ; ETCELL
CAVSC
43 0.0 0.0 4.6 0.83 0.069 0.0 0.0 0.0 0.0 1.0 -60.0 0.0 0.0049 800.0 1.0 ; ETCELL
CAVSC
44 0.0 0.0 4.6 0.83 0.069 0.0 0.0 0.0 0.0 1.0 -60.0 0.0 0.0049 800.0 1.0 ; ETCELL
CAVSC
45 0.0 0.0 4.6 0.83 0.069 0.0 0.0 0.0 0.0 1.0 -60.0 0.0 0.0049 800.0 1.0 ; ETCELL
CAVSC
46 0.0 0.0 4.6 0.83 0.069 0.0 0.0 0.0 0.0 1.0 -60.0 0.0 0.0049 800.0 1.0 ; ETCELL
CAVSC
47 0.0 0.0 4.6 0.83 0.069 0.0 0.0 0.0 0.0 1.0 -60.0 0.0 0.0049 800.0 1.0 ; ETCELL
CAVSC
48 0.0 0.0 4.6 0.83 0.069 0.0 0.0 0.0 0.0 1.0 -60.0 0.0 0.0049 800.0 1.0 ; ETCELL
CAVSC
49 0.0 0.0 4.6 0.83 0.069 0.0 0.0 0.0 0.0 1.0 -60.0 0.0 0.0049 800.0 1.0 ; ETCELL
CAVSC
50 0.0 0.0 4.6 0.83 0.069 0.0 0.0 0.0 0.0 1.0 -60.0 0.0 0.0049 800.0 1.0 ; ETCELL
DRIFT
14.000000000000002 ; LD
CAVSC
51 0.0 0.0 4.6 0.83 0.069 0.0 0.0 0.0 0.0 1.0 -60.0 0.0 0.0049 800.0 1.0 ; ETCELL
CAVSC
52 0.0 0.0 4.6 0.83 0.069 0.0 0.0 0.0 0.0 1.0 -60.0 0.0 0.0049 800.0 1.0 ; ETCELL
CAVSC
53 0.0 0.0 4.6 0.83 0.069 0.0 0.0 0.0 0.0 1.0 -60.0 0.0 0.0049 800.0 1.0 ; ETCELL
CAVSC
54 0.0 0.0 4.6 0.83 0.069 0.0 0.0 0.0 0.0 1.0 -60.0 0.0 0.0049 800.0 1.0 ; ETCELL
CAVSC
55 0.0 0.0 4.6 0.83 0.069 0.0 0.0 0.0 0.0 1.0 -60.0 0.0 0.0049 800.0 1.0 ; ETCELL
CAVSC
56 0.0 0.0 4.6 0.83 0.069 0.0 0.0 0.0 0.0 1.0 -60.0 0.0 0.0049 800.0 1.0 ; ETCELL
CAVSC
57 0.0 0.0 4.6 0.83 0.069 0.0 0.0 0.0 0.0 1.0 -60.0 0.0 0.0049 800.0 1.0 ; ETCELL
CAVSC
58 0.0 0.0 4.6 0.83 0.069 0.0 0.0 0.0 0.0 1.0 -60.0 0.0 0.0049 800.0 1.0 ; ETCELL
CAVSC
59 0.0 0.0 4.6 0.83 0.069 0.0 0.0 0.0 0.0 1.0 -60.0 0.0 0.0049 800.0 1.0 ; ETCELL
CAVSC
60 0.0 0.0 4.6 0.83 0.069 0.0 0.0 0.0 0.0 1.0 -60.0 0.0 0.0049 800.0 1.0 ; ETCELL
DRIFT
6.0 ; LD
QUADRUPO
2.0 -4.746499999999999 1.0999999999999999 ; XL BQ RG
DRIFT
6.0 ; LD
CAVSC
61 0.0 0.0 4.6 0.83 0.069 0.0 0.0 0.0 0.0 1.0 -60.0 0.0 0.0049 800.0 1.0 ; ETCELL
CAVSC
62 0.0 0.0 4.6 0.83 0.069 0.0 0.0 0.0 0.0 1.0 -60.0 0.0 0.0049 800.0 1.0 ; ETCELL
CAVSC
63 0.0 0.0 4.6 0.83 0.069 0.0 0.0 0.0 0.0 1.0 -60.0 0.0 0.0049 800.0 1.0 ; ETCELL
CAVSC
64 0.0 0.0 4.6 0.83 0.069 0.0 0.0 0.0 0.0 1.0 -60.0 0.0 0.0049 800.0 1.0 ; ETCELL
CAVSC
65 0.0 0.0 4.6 0.83 0.069 0.0 0.0 0.0 0.0 1.0 -60.0 0.0 0.0049 800.0 1.0 ; ETCELL
CAVSC
66 0.0 0.0 4.6 0.83 0.069 0.0 0.0 0.0 0.0 1.0 -60.0 0.0 0.0049 800.0 1.0 ; ETCELL
CAVSC
67 0.0 0.0 4.6 0.83 0.069 0.0 0.0 0.0 0.0 1.0 -60.0 0.0 0.0049 800.0 1.0 ; ETCELL
CAVSC
68 0.0 0.0 4.6 0.83 0.069 0.0 0.0 0.0 0.0 1.0 -60.0 0.0 0.0049 800.0 1.0 ; ETCELL
CAVSC
69 0.0 0.0 4.6 0.83 0.069 0.0 0.0 0.0 0.0 1.0 -60.0 0.0 0.0049 800.0 1.0 ; ETCELL
CAVSC
70 0.0 0.0 4.6 0.83 0.069 0.0 0.0 0.0 0.0 1.0 -60.0 0.0 0.0049 800.0 1.0 ; ETCELL
DRIFT
14.000000000000002 ; LD
CAVSC
71 0.0 0.0 4.6 0.83 0.069 0.0 0.0 0.0 0.0 1.0 -60.0 0.0 0.0049 800.0 1.0 ; ETCELL
CAVSC
72 0.0 0.0 4.6 0.83 0.069 0.0 0.0 0.0 0.0 1.0 -60.0 0.0 0.0049 800.0 1.0 ; ETCELL
CAVSC
73 0.0 0.0 4.6 0.83 0.069 0.0 0.0 0.0 0.0 1.0 -60.0 0.0 0.0049 800.0 1.0 ; ETCELL
CAVSC
74 0.0 0.0 4.6 0.83 0.069 0.0 0.0 0.0 0.0 1.0 -60.0 0.0 0.0049 800.0 1.0 ; ETCELL
CAVSC
75 0.0 0.0 4.6 0.83 0.069 0.0 0.0 0.0 0.0 1.0 -60.0 0.0 0.0049 800.0 1.0 ; ETCELL
CAVSC
76 0.0 0.0 4.6 0.83 0.069 0.0 0.0 0.0 0.0 1.0 -60.0 0.0 0.0049 800.0 1.0 ; ETCELL
CAVSC
77 0.0 0.0 4.6 0.83 0.069 0.0 0.0 0.0 0.0 1.0 -60.0 0.0 0.0049 800.0 1.0 ; ETCELL
CAVSC
78 0.0 0.0 4.6 0.83 0.069 0.0 0.0 0.0 0.0 1.0 -60.0 0.0 0.0049 800.0 1.0 ; ETCELL
CAVSC
79 0.0 0.0 4.6 0.83 0.069 0.0 0.0 0.0 0.0 1.0 -60.0 0.0 0.0049 800.0 1.0 ; ETCELL
CAVSC
80 0.0 0.0 4.6 0.83 0.069 0.0 0.0 0.0 0.0 1.0 -60.0 0.0 0.0049 800.0 1.0 ; ETCELL
DRIFT
6.0 ; LD
QUADRUPO
1.0 4.746499999999999 1.0999999999999999 ; XL BQ RG
QUADRUPO
1.0 4.746499999999999 1.0999999999999999 ; XL BQ RG
DRIFT
6.0 ; LD
CAVSC
81 0.0 0.0 4.6 0.83 0.069 0.0 0.0 0.0 0.0 1.0 -60.0 0.0 0.0049 800.0 1.0 ; ETCELL
CAVSC
82 0.0 0.0 4.6 0.83 0.069 0.0 0.0 0.0 0.0 1.0 -60.0 0.0 0.0049 800.0 1.0 ; ETCELL
CAVSC
83 0.0 0.0 4.6 0.83 0.069 0.0 0.0 0.0 0.0 1.0 -60.0 0.0 0.0049 800.0 1.0 ; ETCELL
CAVSC
84 0.0 0.0 4.6 0.83 0.069 0.0 0.0 0.0 0.0 1.0 -60.0 0.0 0.0049 800.0 1.0 ; ETCELL
CAVSC
85 0.0 0.0 4.6 0.83 0.069 0.0 0.0 0.0 0.0 1.0 -60.0 0.0 0.0049 800.0 1.0 ; ETCELL
CAVSC
86 0.0 0.0 4.6 0.83 0.069 0.0 0.0 0.0 0.0 1.0 -60.0 0.0 0.0049 800.0 1.0 ; ETCELL
CAVSC
87 0.0 0.0 4.6 0.83 0.069 0.0 0.0 0.0 0.0 1.0 -60.0 0.0 0.0049 800.0 1.0 ; ETCELL
CAVSC
88 0.0 0.0 4.6 0.83 0.069 0.0 0.0 0.0 0.0 1.0 -60.0 0.0 0.0049 800.0 1.0 ; ETCELL
CAVSC
89 0.0 0.0 4.6 0.83 0.069 0.0 0.0 0.0 0.0 1.0 -60.0 0.0 0.0049 800.0 1.0 ; ETCELL
CAVSC
90 0.0 0.0 4.6 0.83 0.069 0.0 0.0 0.0 0.0 1.0 -60.0 0.0 0.0049 800.0 1.0 ; ETCELL
DRIFT
14.000000000000002 ; LD
CAVSC
91 0.0 0.0 4.6 0.83 0.069 0.0 0.0 0.0 0.0 1.0 -60.0 0.0 0.0049 800.0 1.0 ; ETCELL
CAVSC
92 0.0 0.0 4.6 0.83 0.069 0.0 0.0 0.0 0.0 1.0 -60.0 0.0 0.0049 800.0 1.0 ; ETCELL
CAVSC
93 0.0 0.0 4.6 0.83 0.069 0.0 0.0 0.0 0.0 1.0 -60.0 0.0 0.0049 800.0 1.0 ; ETCELL
CAVSC
94 0.0 0.0 4.6 0.83 0.069 0.0 0.0 0.0 0.0 1.0 -60.0 0.0 0.0049 800.0 1.0 ; ETCELL
CAVSC
95 0.0 0.0 4.6 0.83 0.069 0.0 0.0 0.0 0.0 1.0 -60.0 0.0 0.0049 800.0 1.0 ; ETCELL
CAVSC
96 0.0 0.0 4.6 0.83 0.069 0.0 0.0 0.0 0.0 1.0 -60.0 0.0 0.0049 800.0 1.0 ; ETCELL
CAVSC
97 0.0 0.0 4.6 0.83 0.069 0.0 0.0 0.0 0.0 1.0 -60.0 0.0 0.0049 800.0 1.0 ; ETCELL
CAVSC
98 0.0 0.0 4.6 0.83 0.069 0.0 0.0 0.0 0.0 1.0 -60.0 0.0 0.0049 800.0 1.0 ; ETCELL
CAVSC
99 0.0 0.0 4.6 0.83 0.069 0.0 0.0 0.0 0.0 1.0 -60.0 0.0 0.0049 800.0 1.0 ; ETCELL
CAVSC
100 0.0 0.0 4.6 0.83 0.069 0.0 0.0 0.0 0.0 1.0 -60.0 0.0 0.0049 800.0 1.0 ; ETCELL
DRIFT
6.0 ; LD
QUADRUPO
2.0 -4.746499999999999 1.0999999999999999 ; XL BQ RG
DRIFT
6.0 ; LD
CAVSC
101 0.0 0.0 4.6 0.83 0.069 0.0 0.0 0.0 0.0 1.0 -60.0 0.0 0.0049 800.0 1.0 ; ETCELL
CAVSC
102 0.0 0.0 4.6 0.83 0.069 0.0 0.0 0.0 0.0 1.0 -60.0 0.0 0.0049 800.0 1.0 ; ETCELL
CAVSC
103 0.0 0.0 4.6 0.83 0.069 0.0 0.0 0.0 0.0 1.0 -60.0 0.0 0.0049 800.0 1.0 ; ETCELL
CAVSC
104 0.0 0.0 4.6 0.83 0.069 0.0 0.0 0.0 0.0 1.0 -60.0 0.0 0.0049 800.0 1.0 ; ETCELL
CAVSC
105 0.0 0.0 4.6 0.83 0.069 0.0 0.0 0.0 0.0 1.0 -60.0 0.0 0.0049 800.0 1.0 ; ETCELL
CAVSC
106 0.0 0.0 4.6 0.83 0.069 0.0 0.0 0.0 0.0 1.0 -60.0 0.0 0.0049 800.0 1.0 ; ETCELL
CAVSC
107 0.0 0.0 4.6 0.83 0.069 0.0 0.0 0.0 0.0 1.0 -60.0 0.0 0.0049 800.0 1.0 ; ETCELL
CAVSC
108 0.0 0.0 4.6 0.83 0.069 0.0 0.0 0.0 0.0 1.0 -60.0 0.0 0.0049 800.0 1.0 ; ETCELL
CAVSC
109 0.0 0.0 4.6 0.83 0.069 0.0 0.0 0.0 0.0 1.0 -60.0 0.0 0.0049 800.0 1.0 ; ETCELL
CAVSC
110 0.0 0.0 4.6 0.83 0.069 0.0 0.0 0.0 0.0 1.0 -60.0 0.0 0.0049 800.0 1.0 ; ETCELL
DRIFT
14.000000000000002 ; LD
CAVSC
111 0.0 0.0 4.6 0.83 0.069 0.0 0.0 0.0 0.0 1.0 -60.0 0.0 0.0049 800.0 1.0 ; ETCELL
CAVSC
112 0.0 0.0 4.6 0.83 0.069 0.0 0.0 0.0 0.0 1.0 -60.0 0.0 0.0049 800.0 1.0 ; ETCELL
CAVSC
113 0.0 0.0 4.6 0.83 0.069 0.0 0.0 0.0 0.0 1.0 -60.0 0.0 0.0049 800.0 1.0 ; ETCELL
CAVSC
114 0.0 0.0 4.6 0.83 0.069 0.0 0.0 0.0 0.0 1.0 -60.0 0.0 0.0049 800.0 1.0 ; ETCELL
CAVSC
115 0.0 0.0 4.6 0.83 0.069 0.0 0.0 0.0 0.0 1.0 -60.0 0.0 0.0049 800.0 1.0 ; ETCELL
CAVSC
116 0.0 0.0 4.6 0.83 0.069 0.0 0.0 0.0 0.0 1.0 -60.0 0.0 0.0049 800.0 1.0 ; ETCELL
CAVSC
117 0.0 0.0 4.6 0.83 0.069 0.0 0.0 0.0 0.0 1.0 -60.0 0.0 0.0049 800.0 1.0 ; ETCELL
CAVSC
118 0.0 0.0 4.6 0.83 0.069 0.0 0.0 0.0 0.0 1.0 -60.0 0.0 0.0049 800.0 1.0 ; ETCELL
CAVSC
119 0.0 0.0 4.6 0.83 0.069 0.0 0.0 0.0 0.0 1.0 -60.0 0.0 0.0049 800.0 1.0 ; ETCELL
CAVSC
120 0.0 0.0 4.6 0.83 0.069 0.0 0.0 0.0 0.0 1.0 -60.0 0.0 0.0049 800.0 1.0 ; ETCELL
DRIFT
6.0 ; LD
QUADRUPO
1.0 4.746499999999999 1.0999999999999999 ; XL BQ RG
QUADRUPO
1.0 4.746499999999999 1.0999999999999999 ; XL BQ RG
DRIFT
6.0 ; LD
CAVSC
121 0.0 0.0 4.6 0.83 0.069 0.0 0.0 0.0 0.0 1.0 -60.0 0.0 0.0049 800.0 1.0 ; ETCELL
CAVSC
122 0.0 0.0 4.6 0.83 0.069 0.0 0.0 0.0 0.0 1.0 -60.0 0.0 0.0049 800.0 1.0 ; ETCELL
CAVSC
123 0.0 0.0 4.6 0.83 0.069 0.0 0.0 0.0 0.0 1.0 -60.0 0.0 0.0049 800.0 1.0 ; ETCELL
CAVSC
124 0.0 0.0 4.6 0.83 0.069 0.0 0.0 0.0 0.0 1.0 -60.0 0.0 0.0049 800.0 1.0 ; ETCELL
CAVSC
125 0.0 0.0 4.6 0.83 0.069 0.0 0.0 0.0 0.0 1.0 -60.0 0.0 0.0049 800.0 1.0 ; ETCELL
CAVSC
126 0.0 0.0 4.6 0.83 0.069 0.0 0.0 0.0 0.0 1.0 -60.0 0.0 0.0049 800.0 1.0 ; ETCELL
CAVSC
127 0.0 0.0 4.6 0.83 0.069 0.0 0.0 0.0 0.0 1.0 -60.0 0.0 0.0049 800.0 1.0 ; ETCELL
CAVSC
128 0.0 0.0 4.6 0.83 0.069 0.0 0.0 0.0 0.0 1.0 -60.0 0.0 0.0049 800.0 1.0 ; ETCELL
CAVSC
129 0.0 0.0 4.6 0.83 0.069 0.0 0.0 0.0 0.0 1.0 -60.0 0.0 0.0049 800.0 1.0 ; ETCELL
CAVSC
130 0.0 0.0 4.6 0.83 0.069 0.0 0.0 0.0 0.0 1.0 -60.0 0.0 0.0049 800.0 1.0 ; ETCELL
DRIFT
14.000000000000002 ; LD
CAVSC
131 0.0 0.0 4.6 0.83 0.069 0.0 0.0 0.0 0.0 1.0 -60.0 0.0 0.0049 800.0 1.0 ; ETCELL
CAVSC
132 0.0 0.0 4.6 0.83 0.069 0.0 0.0 0.0 0.0 1.0 -60.0 0.0 0.0049 800.0 1.0 ; ETCELL
CAVSC
133 0.0 0.0 4.6 0.83 0.069 0.0 0.0 0.0 0.0 1.0 -60.0 0.0 0.0049 800.0 1.0 ; ETCELL
CAVSC
134 0.0 0.0 4.6 0.83 0.069 0.0 0.0 0.0 0.0 1.0 -60.0 0.0 0.0049 800.0 1.0 ; ETCELL
CAVSC
135 0.0 0.0 4.6 0.83 0.069 0.0 0.0 0.0 0.0 1.0 -60.0 0.0 0.0049 800.0 1.0 ; ETCELL
CAVSC
136 0.0 0.0 4.6 0.83 0.069 0.0 0.0 0.0 0.0 1.0 -60.0 0.0 0.0049 800.0 1.0 ; ETCELL
CAVSC
137 0.0 0.0 4.6 0.83 0.069 0.0 0.0 0.0 0.0 1.0 -60.0 0.0 0.0049 800.0 1.0 ; ETCELL
CAVSC
138 0.0 0.0 4.6 0.83 0.069 0.0 0.0 0.0 0.0 1.0 -60.0 0.0 0.0049 800.0 1.0 ; ETCELL
CAVSC
139 0.0 0.0 4.6 0.83 0.069 0.0 0.0 0.0 0.0 1.0 -60.0 0.0 0.0049 800.0 1.0 ; ETCELL
CAVSC
140 0.0 0.0 4.6 0.83 0.069 0.0 0.0 0.0 0.0 1.0 -60.0 0.0 0.0049 800.0 1.0 ; ETCELL
DRIFT
6.0 ; LD
QUADRUPO
2.0 -4.746499999999999 1.0999999999999999 ; XL BQ RG
DRIFT
6.0 ; LD
CAVSC
141 0.0 0.0 4.6 0.83 0.069 0.0 0.0 0.0 0.0 1.0 -60.0 0.0 0.0049 800.0 1.0 ; ETCELL
CAVSC
142 0.0 0.0 4.6 0.83 0.069 0.0 0.0 0.0 0.0 1.0 -60.0 0.0 0.0049 800.0 1.0 ; ETCELL
CAVSC
143 0.0 0.0 4.6 0.83 0.069 0.0 0.0 0.0 0.0 1.0 -60.0 0.0 0.0049 800.0 1.0 ; ETCELL
CAVSC
144 0.0 0.0 4.6 0.83 0.069 0.0 0.0 0.0 0.0 1.0 -60.0 0.0 0.0049 800.0 1.0 ; ETCELL
CAVSC
145 0.0 0.0 4.6 0.83 0.069 0.0 0.0 0.0 0.0 1.0 -60.0 0.0 0.0049 800.0 1.0 ; ETCELL
CAVSC
146 0.0 0.0 4.6 0.83 0.069 0.0 0.0 0.0 0.0 1.0 -60.0 0.0 0.0049 800.0 1.0 ; ETCELL
CAVSC
147 0.0 0.0 4.6 0.83 0.069 0.0 0.0 0.0 0.0 1.0 -60.0 0.0 0.0049 800.0 1.0 ; ETCELL
CAVSC
148 0.0 0.0 4.6 0.83 0.069 0.0 0.0 0.0 0.0 1.0 -60.0 0.0 0.0049 800.0 1.0 ; ETCELL
CAVSC
149 0.0 0.0 4.6 0.83 0.069 0.0 0.0 0.0 0.0 1.0 -60.0 0.0 0.0049 800.0 1.0 ; ETCELL
CAVSC
150 0.0 0.0 4.6 0.83 0.069 0.0 0.0 0.0 0.0 1.0 -60.0 0.0 0.0049 800.0 1.0 ; ETCELL
DRIFT
14.000000000000002 ; LD
CAVSC
151 0.0 0.0 4.6 0.83 0.069 0.0 0.0 0.0 0.0 1.0 -60.0 0.0 0.0049 800.0 1.0 ; ETCELL
CAVSC
152 0.0 0.0 4.6 0.83 0.069 0.0 0.0 0.0 0.0 1.0 -60.0 0.0 0.0049 800.0 1.0 ; ETCELL
CAVSC
153 0.0 0.0 4.6 0.83 0.069 0.0 0.0 0.0 0.0 1.0 -60.0 0.0 0.0049 800.0 1.0 ; ETCELL
CAVSC
154 0.0 0.0 4.6 0.83 0.069 0.0 0.0 0.0 0.0 1.0 -60.0 0.0 0.0049 800.0 1.0 ; ETCELL
CAVSC
155 0.0 0.0 4.6 0.83 0.069 0.0 0.0 0.0 0.0 1.0 -60.0 0.0 0.0049 800.0 1.0 ; ETCELL
CAVSC
156 0.0 0.0 4.6 0.83 0.069 0.0 0.0 0.0 0.0 1.0 -60.0 0.0 0.0049 800.0 1.0 ; ETCELL
CAVSC
157 0.0 0.0 4.6 0.83 0.069 0.0 0.0 0.0 0.0 1.0 -60.0 0.0 0.0049 800.0 1.0 ; ETCELL
CAVSC
158 0.0 0.0 4.6 0.83 0.069 0.0 0.0 0.0 0.0 1.0 -60.0 0.0 0.0049 800.0 1.0 ; ETCELL
CAVSC
159 0.0 0.0 4.6 0.83 0.069 0.0 0.0 0.0 0.0 1.0 -60.0 0.0 0.0049 800.0 1.0 ; ETCELL
CAVSC
160 0.0 0.0 4.6 0.83 0.069 0.0 0.0 0.0 0.0 1.0 -60.0 0.0 0.0049 800.0 1.0 ; ETCELL
DRIFT
6.0 ; LD
QUADRUPO
1.0 4.746499999999999 1.0999999999999999 ; XL BQ RG
QUADRUPO
1.0 4.746499999999999 1.0999999999999999 ; XL BQ RG
DRIFT
6.0 ; LD
CAVSC
161 0.0 0.0 4.6 0.83 0.069 0.0 0.0 0.0 0.0 1.0 -60.0 0.0 0.0049 800.0 1.0 ; ETCELL
CAVSC
162 0.0 0.0 4.6 0.83 0.069 0.0 0.0 0.0 0.0 1.0 -60.0 0.0 0.0049 800.0 1.0 ; ETCELL
CAVSC
163 0.0 0.0 4.6 0.83 0.069 0.0 0.0 0.0 0.0 1.0 -60.0 0.0 0.0049 800.0 1.0 ; ETCELL
CAVSC
164 0.0 0.0 4.6 0.83 0.069 0.0 0.0 0.0 0.0 1.0 -60.0 0.0 0.0049 800.0 1.0 ; ETCELL
CAVSC
165 0.0 0.0 4.6 0.83 0.069 0.0 0.0 0.0 0.0 1.0 -60.0 0.0 0.0049 800.0 1.0 ; ETCELL
CAVSC
166 0.0 0.0 4.6 0.83 0.069 0.0 0.0 0.0 0.0 1.0 -60.0 0.0 0.0049 800.0 1.0 ; ETCELL
CAVSC
167 0.0 0.0 4.6 0.83 0.069 0.0 0.0 0.0 0.0 1.0 -60.0 0.0 0.0049 800.0 1.0 ; ETCELL
CAVSC
168 0.0 0.0 4.6 0.83 0.069 0.0 0.0 0.0 0.0 1.0 -60.0 0.0 0.0049 800.0 1.0 ; ETCELL
CAVSC
169 0.0 0.0 4.6 0.83 0.069 0.0 0.0 0.0 0.0 1.0 -60.0 0.0 0.0049 800.0 1.0 ; ETCELL
CAVSC
170 0.0 0.0 4.6 0.83 0.069 0.0 0.0 0.0 0.0 1.0 -60.0 0.0 0.0049 800.0 1.0 ; ETCELL
DRIFT
14.000000000000002 ; LD
CAVSC
171 0.0 0.0 4.6 0.83 0.069 0.0 0.0 0.0 0.0 1.0 -60.0 0.0 0.0049 800.0 1.0 ; ETCELL
CAVSC
172 0.0 0.0 4.6 0.83 0.069 0.0 0.0 0.0 0.0 1.0 -60.0 0.0 0.0049 800.0 1.0 ; ETCELL
CAVSC
173 0.0 0.0 4.6 0.83 0.069 0.0 0.0 0.0 0.0 1.0 -60.0 0.0 0.0049 800.0 1.0 ; ETCELL
CAVSC
174 0.0 0.0 4.6 0.83 0.069 0.0 0.0 0.0 0.0 1.0 -60.0 0.0 0.0049 800.0 1.0 ; ETCELL
CAVSC
175 0.0 0.0 4.6 0.83 0.069 0.0 0.0 0.0 0.0 1.0 -60.0 0.0 0.0049 800.0 1.0 ; ETCELL
CAVSC
176 0.0 0.0 4.6 0.83 0.069 0.0 0.0 0.0 0.0 1.0 -60.0 0.0 0.0049 800.0 1.0 ; ETCELL
CAVSC
177 0.0 0.0 4.6 0.83 0.069 0.0 0.0 0.0 0.0 1.0 -60.0 0.0 0.0049 800.0 1.0 ; ETCELL
CAVSC
178 0.0 0.0 4.6 0.83 0.069 0.0 0.0 0.0 0.0 1.0 -60.0 0.0 0.0049 800.0 1.0 ; ETCELL
CAVSC
179 0.0 0.0 4.6 0.83 0.069 0.0 0.0 0.0 0.0 1.0 -60.0 0.0 0.0049 800.0 1.0 ; ETCELL
CAVSC
180 0.0 0.0 4.6 0.83 0.069 0.0 0.0 0.0 0.0 1.0 -60.0 0.0 0.0049 800.0 1.0 ; ETCELL
DRIFT
6.0 ; LD
QUADRUPO
2.0 -4.746499999999999 1.0999999999999999 ; XL BQ RG
DRIFT
6.0 ; LD
CAVSC
181 0.0 0.0 4.6 0.83 0.069 0.0 0.0 0.0 0.0 1.0 -60.0 0.0 0.0049 800.0 1.0 ; ETCELL
CAVSC
182 0.0 0.0 4.6 0.83 0.069 0.0 0.0 0.0 0.0 1.0 -60.0 0.0 0.0049 800.0 1.0 ; ETCELL
CAVSC
183 0.0 0.0 4.6 0.83 0.069 0.0 0.0 0.0 0.0 1.0 -60.0 0.0 0.0049 800.0 1.0 ; ETCELL
CAVSC
184 0.0 0.0 4.6 0.83 0.069 0.0 0.0 0.0 0.0 1.0 -60.0 0.0 0.0049 800.0 1.0 ; ETCELL
CAVSC
185 0.0 0.0 4.6 0.83 0.069 0.0 0.0 0.0 0.0 1.0 -60.0 0.0 0.0049 800.0 1.0 ; ETCELL
CAVSC
186 0.0 0.0 4.6 0.83 0.069 0.0 0.0 0.0 0.0 1.0 -60.0 0.0 0.0049 800.0 1.0 ; ETCELL
CAVSC
187 0.0 0.0 4.6 0.83 0.069 0.0 0.0 0.0 0.0 1.0 -60.0 0.0 0.0049 800.0 1.0 ; ETCELL
CAVSC
188 0.0 0.0 4.6 0.83 0.069 0.0 0.0 0.0 0.0 1.0 -60.0 0.0 0.0049 800.0 1.0 ; ETCELL
CAVSC
189 0.0 0.0 4.6 0.83 0.069 0.0 0.0 0.0 0.0 1.0 -60.0 0.0 0.0049 800.0 1.0 ; ETCELL
CAVSC
190 0.0 0.0 4.6 0.83 0.069 0.0 0.0 0.0 0.0 1.0 -60.0 0.0 0.0049 800.0 1.0 ; ETCELL
DRIFT
14.000000000000002 ; LD
CAVSC
191 0.0 0.0 4.6 0.83 0.069 0.0 0.0 0.0 0.0 1.0 -60.0 0.0 0.0049 800.0 1.0 ; ETCELL
CAVSC
192 0.0 0.0 4.6 0.83 0.069 0.0 0.0 0.0 0.0 1.0 -60.0 0.0 0.0049 800.0 1.0 ; ETCELL
CAVSC
193 0.0 0.0 4.6 0.83 0.069 0.0 0.0 0.0 0.0 1.0 -60.0 0.0 0.0049 800.0 1.0 ; ETCELL
CAVSC
194 0.0 0.0 4.6 0.83 0.069 0.0 0.0 0.0 0.0 1.0 -60.0 0.0 0.0049 800.0 1.0 ; ETCELL
CAVSC
195 0.0 0.0 4.6 0.83 0.069 0.0 0.0 0.0 0.0 1.0 -60.0 0.0 0.0049 800.0 1.0 ; ETCELL
CAVSC
196 0.0 0.0 4.6 0.83 0.069 0.0 0.0 0.0 0.0 1.0 -60.0 0.0 0.0049 800.0 1.0 ; ETCELL
CAVSC
197 0.0 0.0 4.6 0.83 0.069 0.0 0.0 0.0 0.0 1.0 -60.0 0.0 0.0049 800.0 1.0 ; ETCELL
CAVSC
198 0.0 0.0 4.6 0.83 0.069 0.0 0.0 0.0 0.0 1.0 -60.0 0.0 0.0049 800.0 1.0 ; ETCELL
CAVSC
199 0.0 0.0 4.6 0.83 0.069 0.0 0.0 0.0 0.0 1.0 -60.0 0.0 0.0049 800.0 1.0 ; ETCELL
CAVSC
200 0.0 0.0 4.6 0.83 0.069 0.0 0.0 0.0 0.0 1.0 -60.0 0.0 0.0049 800.0 1.0 ; ETCELL
DRIFT
6.0 ; LD
QUADRUPO
1.0 4.746499999999999 1.0999999999999999 ; XL BQ RG
;ALCELI end
EMITGR
OUT
1 5 ; IDWDP RMSMTP
1.0 5.0 1.0 5.0 1.0 1.0 1000.0 10.0 ; XLIM1,...YLIM4
STOP
