800000000.0
    -0.023  1.181e+05
   -0.0228  1.225e+05
   -0.0224  1.313e+05
    -0.022  1.407e+05
   -0.0216  1.512e+05
   -0.0212  1.619e+05
   -0.0208  1.736e+05
   -0.0204  1.856e+05
     -0.02  1.983e+05
   -0.0196  2.121e+05
   -0.0192  2.263e+05
   -0.0188  2.414e+05
   -0.0184  2.572e+05
    -0.018  2.737e+05
   -0.0176  2.909e+05
   -0.0172   3.09e+05
   -0.0168  3.275e+05
   -0.0164  3.471e+05
    -0.016  3.673e+05
   -0.0156  3.876e+05
   -0.0152  4.091e+05
   -0.0148  4.303e+05
   -0.0144  4.529e+05
    -0.014  4.759e+05
   -0.0136  4.981e+05
   -0.0132  5.217e+05
   -0.0128  5.443e+05
   -0.0124  5.682e+05
    -0.012  5.922e+05
   -0.0116  6.147e+05
   -0.0112  6.384e+05
   -0.0108  6.606e+05
   -0.0104  6.837e+05
     -0.01  7.064e+05
   -0.0096  7.274e+05
   -0.0092   7.49e+05
   -0.0088   7.69e+05
   -0.0084  7.892e+05
    -0.008  8.087e+05
   -0.0076  8.266e+05
   -0.0072  8.443e+05
   -0.0068  8.608e+05
   -0.0064  8.767e+05
    -0.006  8.917e+05
   -0.0056  9.055e+05
   -0.0052  9.186e+05
   -0.0048  9.306e+05
   -0.0044  9.417e+05
    -0.004  9.518e+05
   -0.0036  9.609e+05
   -0.0032  9.691e+05
   -0.0028  9.763e+05
   -0.0024  9.825e+05
    -0.002  9.878e+05
   -0.0016  9.923e+05
   -0.0012  9.956e+05
   -0.0008  9.981e+05
   -0.0004  9.995e+05
       0.0      1e+06
    0.0004  9.995e+05
    0.0008  9.981e+05
    0.0012  9.956e+05
    0.0016  9.923e+05
     0.002  9.878e+05
    0.0024  9.825e+05
    0.0028  9.763e+05
    0.0032  9.691e+05
    0.0036  9.609e+05
     0.004  9.518e+05
    0.0044  9.417e+05
    0.0048  9.306e+05
    0.0052  9.186e+05
    0.0056  9.055e+05
     0.006  8.917e+05
    0.0064  8.767e+05
    0.0068  8.608e+05
    0.0072  8.443e+05
    0.0076  8.266e+05
     0.008  8.087e+05
    0.0084  7.892e+05
    0.0088   7.69e+05
    0.0092   7.49e+05
    0.0096  7.274e+05
      0.01  7.064e+05
    0.0104  6.837e+05
    0.0108  6.606e+05
    0.0112  6.384e+05
    0.0116  6.147e+05
     0.012  5.922e+05
    0.0124  5.682e+05
    0.0128  5.443e+05
    0.0132  5.217e+05
    0.0136  4.981e+05
     0.014  4.759e+05
    0.0144  4.529e+05
    0.0148  4.303e+05
    0.0152  4.091e+05
    0.0156  3.876e+05
     0.016  3.673e+05
    0.0164  3.471e+05
    0.0168  3.275e+05
    0.0172   3.09e+05
    0.0176  2.909e+05
     0.018  2.737e+05
    0.0184  2.572e+05
    0.0188  2.414e+05
    0.0192  2.263e+05
    0.0196  2.121e+05
      0.02  1.983e+05
    0.0204  1.856e+05
    0.0208  1.736e+05
    0.0212  1.619e+05
    0.0216  1.512e+05
     0.022  1.407e+05
    0.0224  1.313e+05
    0.0228  1.225e+05
     0.023  1.181e+05
