816.0
       0.0  2.453e+03
   0.00023  4.906e+03
   0.00046  9.812e+03
   0.00069  1.512e+04
   0.00092  2.017e+04
   0.00115  2.521e+04
   0.00138  3.131e+04
   0.00161  3.653e+04
   0.00184   4.03e+04
   0.00207  4.583e+04
    0.0023   5.16e+04
   0.00253  5.825e+04
   0.00276  6.465e+04
   0.00299  7.205e+04
   0.00322  7.922e+04
   0.00345  8.681e+04
   0.00368  9.565e+04
   0.00391  1.043e+05
   0.00414  1.143e+05
   0.00437  1.242e+05
    0.0046  1.347e+05
   0.00483   1.47e+05
   0.00506   1.59e+05
   0.00529  1.732e+05
   0.00552  1.871e+05
   0.00575   2.02e+05
   0.00598  2.194e+05
   0.00621  2.366e+05
   0.00644  2.567e+05
   0.00667  2.766e+05
    0.0069   2.98e+05
   0.00713  3.228e+05
   0.00736  3.475e+05
   0.00759  3.761e+05
   0.00782  4.045e+05
   0.00805  4.351e+05
   0.00828  4.702e+05
   0.00851  5.054e+05
   0.00874  5.457e+05
   0.00897  5.862e+05
    0.0092  6.294e+05
   0.00943  6.785e+05
   0.00966  7.281e+05
   0.00989  7.839e+05
   0.01012  8.404e+05
   0.01035  9.006e+05
   0.01058  9.676e+05
   0.01081  1.036e+06
   0.01104  1.111e+06
   0.01127  1.188e+06
    0.0115  1.269e+06
   0.01173  1.357e+06
   0.01196  1.449e+06
   0.01219  1.545e+06
   0.01242  1.646e+06
   0.01265  1.752e+06
   0.01288  1.862e+06
   0.01311  1.978e+06
   0.01334  2.096e+06
   0.01357  2.221e+06
    0.0138  2.351e+06
   0.01403   2.48e+06
   0.01426  2.618e+06
   0.01449  2.754e+06
   0.01472  2.898e+06
   0.01495  3.046e+06
   0.01518  3.188e+06
   0.01541  3.339e+06
   0.01564  3.484e+06
   0.01587  3.637e+06
    0.0161   3.79e+06
   0.01633  3.934e+06
   0.01656  4.086e+06
   0.01679  4.228e+06
   0.01702  4.376e+06
   0.01725  4.521e+06
   0.01748  4.655e+06
   0.01771  4.794e+06
   0.01794  4.922e+06
   0.01817  5.051e+06
    0.0184  5.175e+06
   0.01863   5.29e+06
   0.01886  5.404e+06
   0.01909  5.509e+06
   0.01932  5.611e+06
   0.01955  5.707e+06
   0.01978  5.795e+06
   0.02001  5.879e+06
   0.02024  5.956e+06
   0.02047  6.027e+06
    0.0207  6.091e+06
   0.02093   6.15e+06
   0.02116  6.202e+06
   0.02139  6.249e+06
   0.02162  6.288e+06
   0.02185  6.322e+06
   0.02208   6.35e+06
   0.02231  6.372e+06
   0.02254  6.388e+06
   0.02277  6.397e+06
     0.023    6.4e+06
   0.02323  6.397e+06
   0.02346  6.388e+06
   0.02369  6.372e+06
   0.02392   6.35e+06
   0.02415  6.322e+06
   0.02438  6.288e+06
   0.02461  6.249e+06
   0.02484  6.202e+06
   0.02507   6.15e+06
    0.0253  6.091e+06
   0.02553  6.027e+06
   0.02576  5.956e+06
   0.02599  5.879e+06
   0.02622  5.795e+06
   0.02645  5.707e+06
   0.02668  5.611e+06
   0.02691  5.509e+06
   0.02714  5.404e+06
   0.02737   5.29e+06
    0.0276  5.175e+06
   0.02783  5.051e+06
   0.02806  4.922e+06
   0.02829  4.794e+06
   0.02852  4.655e+06
   0.02875  4.521e+06
   0.02898  4.376e+06
   0.02921  4.228e+06
   0.02944  4.086e+06
   0.02967  3.934e+06
    0.0299   3.79e+06
   0.03013  3.637e+06
   0.03036  3.484e+06
   0.03059  3.339e+06
   0.03082  3.188e+06
   0.03105  3.046e+06
   0.03128  2.898e+06
   0.03151  2.754e+06
   0.03174  2.618e+06
   0.03197   2.48e+06
    0.0322  2.351e+06
   0.03243  2.221e+06
   0.03266  2.096e+06
   0.03289  1.978e+06
   0.03312  1.862e+06
   0.03335  1.752e+06
   0.03358  1.646e+06
   0.03381  1.545e+06
   0.03404  1.449e+06
   0.03427  1.357e+06
    0.0345  1.269e+06
   0.03473  1.188e+06
   0.03496  1.111e+06
   0.03519  1.036e+06
   0.03542  9.676e+05
   0.03565  9.006e+05
   0.03588  8.404e+05
   0.03611  7.839e+05
   0.03634  7.281e+05
   0.03657  6.785e+05
    0.0368  6.294e+05
   0.03703  5.862e+05
   0.03726  5.457e+05
   0.03749  5.054e+05
   0.03772  4.702e+05
   0.03795  4.351e+05
   0.03818  4.045e+05
   0.03841  3.761e+05
   0.03864  3.475e+05
   0.03887  3.228e+05
    0.0391   2.98e+05
   0.03933  2.766e+05
   0.03956  2.567e+05
   0.03979  2.366e+05
   0.04002  2.194e+05
   0.04025   2.02e+05
   0.04048  1.871e+05
   0.04071  1.732e+05
   0.04094   1.59e+05
   0.04117   1.47e+05
    0.0414  1.347e+05
   0.04163  1.242e+05
   0.04186  1.143e+05
   0.04209  1.043e+05
   0.04232  9.565e+04
   0.04255  8.681e+04
   0.04278  7.922e+04
   0.04301  7.205e+04
   0.04324  6.465e+04
   0.04347  5.825e+04
    0.0437   5.16e+04
   0.04393  4.583e+04
   0.04416   4.03e+04
   0.04439  3.653e+04
   0.04462  3.131e+04
   0.04485  2.521e+04
   0.04508  2.017e+04
   0.04531  1.512e+04
   0.04554  9.812e+03
   0.04577  4.906e+03
     0.046  2.453e+03
   0.04623  4.906e+03
   0.04646  9.812e+03
   0.04669  1.512e+04
   0.04692  2.017e+04
   0.04715  2.521e+04
   0.04738  3.131e+04
   0.04761  3.653e+04
   0.04784   4.03e+04
   0.04807  4.583e+04
    0.0483   5.16e+04
   0.04853  5.825e+04
   0.04876  6.465e+04
   0.04899  7.205e+04
   0.04922  7.922e+04
   0.04945  8.681e+04
   0.04968  9.565e+04
   0.04991  1.043e+05
   0.05014  1.143e+05
   0.05037  1.242e+05
    0.0506  1.347e+05
   0.05083   1.47e+05
   0.05106   1.59e+05
   0.05129  1.732e+05
   0.05152  1.871e+05
   0.05175   2.02e+05
   0.05198  2.194e+05
   0.05221  2.366e+05
   0.05244  2.567e+05
   0.05267  2.766e+05
    0.0529   2.98e+05
   0.05313  3.228e+05
   0.05336  3.475e+05
   0.05359  3.761e+05
   0.05382  4.045e+05
   0.05405  4.351e+05
   0.05428  4.702e+05
   0.05451  5.054e+05
   0.05474  5.457e+05
   0.05497  5.862e+05
    0.0552  6.294e+05
   0.05543  6.785e+05
   0.05566  7.281e+05
   0.05589  7.839e+05
   0.05612  8.404e+05
   0.05635  9.006e+05
   0.05658  9.676e+05
   0.05681  1.036e+06
   0.05704  1.111e+06
   0.05727  1.188e+06
    0.0575  1.269e+06
   0.05773  1.357e+06
   0.05796  1.449e+06
   0.05819  1.545e+06
   0.05842  1.646e+06
   0.05865  1.752e+06
   0.05888  1.862e+06
   0.05911  1.978e+06
   0.05934  2.096e+06
   0.05957  2.221e+06
    0.0598  2.351e+06
   0.06003   2.48e+06
   0.06026  2.618e+06
   0.06049  2.754e+06
   0.06072  2.898e+06
   0.06095  3.046e+06
   0.06118  3.188e+06
   0.06141  3.339e+06
   0.06164  3.484e+06
   0.06187  3.637e+06
    0.0621   3.79e+06
   0.06233  3.934e+06
   0.06256  4.086e+06
   0.06279  4.228e+06
   0.06302  4.376e+06
   0.06325  4.521e+06
   0.06348  4.655e+06
   0.06371  4.794e+06
   0.06394  4.922e+06
   0.06417  5.051e+06
    0.0644  5.175e+06
   0.06463   5.29e+06
   0.06486  5.404e+06
   0.06509  5.509e+06
   0.06532  5.611e+06
   0.06555  5.707e+06
   0.06578  5.795e+06
   0.06601  5.879e+06
   0.06624  5.956e+06
   0.06647  6.027e+06
    0.0667  6.091e+06
   0.06693   6.15e+06
   0.06716  6.202e+06
   0.06739  6.249e+06
   0.06762  6.288e+06
   0.06785  6.322e+06
   0.06808   6.35e+06
   0.06831  6.372e+06
   0.06854  6.388e+06
   0.06877  6.397e+06
     0.069    6.4e+06
   0.06923  6.397e+06
   0.06946  6.388e+06
   0.06969  6.372e+06
   0.06992   6.35e+06
   0.07015  6.322e+06
   0.07038  6.288e+06
   0.07061  6.249e+06
   0.07084  6.202e+06
   0.07107   6.15e+06
    0.0713  6.091e+06
   0.07153  6.027e+06
   0.07176  5.956e+06
   0.07199  5.879e+06
   0.07222  5.795e+06
   0.07245  5.707e+06
   0.07268  5.611e+06
   0.07291  5.509e+06
   0.07314  5.404e+06
   0.07337   5.29e+06
    0.0736  5.175e+06
   0.07383  5.051e+06
   0.07406  4.922e+06
   0.07429  4.794e+06
   0.07452  4.655e+06
   0.07475  4.521e+06
   0.07498  4.376e+06
   0.07521  4.228e+06
   0.07544  4.086e+06
   0.07567  3.934e+06
    0.0759   3.79e+06
   0.07613  3.637e+06
   0.07636  3.484e+06
   0.07659  3.339e+06
   0.07682  3.188e+06
   0.07705  3.046e+06
   0.07728  2.898e+06
   0.07751  2.754e+06
   0.07774  2.618e+06
   0.07797   2.48e+06
    0.0782  2.351e+06
   0.07843  2.221e+06
   0.07866  2.096e+06
   0.07889  1.978e+06
   0.07912  1.862e+06
   0.07935  1.752e+06
   0.07958  1.646e+06
   0.07981  1.545e+06
   0.08004  1.449e+06
   0.08027  1.357e+06
    0.0805  1.269e+06
   0.08073  1.188e+06
   0.08096  1.111e+06
   0.08119  1.036e+06
   0.08142  9.676e+05
   0.08165  9.006e+05
   0.08188  8.404e+05
   0.08211  7.839e+05
   0.08234  7.281e+05
   0.08257  6.785e+05
    0.0828  6.294e+05
   0.08303  5.862e+05
   0.08326  5.457e+05
   0.08349  5.054e+05
   0.08372  4.702e+05
   0.08395  4.351e+05
   0.08418  4.045e+05
   0.08441  3.761e+05
   0.08464  3.475e+05
   0.08487  3.228e+05
    0.0851   2.98e+05
   0.08533  2.766e+05
   0.08556  2.567e+05
   0.08579  2.366e+05
   0.08602  2.194e+05
   0.08625   2.02e+05
   0.08648  1.871e+05
   0.08671  1.732e+05
   0.08694   1.59e+05
   0.08717   1.47e+05
    0.0874  1.347e+05
   0.08763  1.242e+05
   0.08786  1.143e+05
   0.08809  1.043e+05
   0.08832  9.565e+04
   0.08855  8.681e+04
   0.08878  7.922e+04
   0.08901  7.205e+04
   0.08924  6.465e+04
   0.08947  5.825e+04
    0.0897   5.16e+04
   0.08993  4.583e+04
   0.09016   4.03e+04
   0.09039  3.653e+04
   0.09062  3.131e+04
   0.09085  2.521e+04
   0.09108  2.017e+04
   0.09131  1.512e+04
   0.09154  9.812e+03
   0.09177  4.906e+03
     0.092  2.453e+03
   0.09223  4.906e+03
   0.09246  9.812e+03
   0.09269  1.512e+04
   0.09292  2.017e+04
   0.09315  2.521e+04
   0.09338  3.131e+04
   0.09361  3.653e+04
   0.09384   4.03e+04
   0.09407  4.583e+04
    0.0943   5.16e+04
   0.09453  5.825e+04
   0.09476  6.465e+04
   0.09499  7.205e+04
   0.09522  7.922e+04
   0.09545  8.681e+04
   0.09568  9.565e+04
   0.09591  1.043e+05
   0.09614  1.143e+05
   0.09637  1.242e+05
    0.0966  1.347e+05
   0.09683   1.47e+05
   0.09706   1.59e+05
   0.09729  1.732e+05
   0.09752  1.871e+05
   0.09775   2.02e+05
   0.09798  2.194e+05
   0.09821  2.366e+05
   0.09844  2.567e+05
   0.09867  2.766e+05
    0.0989   2.98e+05
   0.09913  3.228e+05
   0.09936  3.475e+05
   0.09959  3.761e+05
   0.09982  4.045e+05
    0.1001  4.351e+05
    0.1003  4.702e+05
    0.1005  5.054e+05
    0.1007  5.457e+05
     0.101  5.862e+05
    0.1012  6.294e+05
    0.1014  6.785e+05
    0.1017  7.281e+05
    0.1019  7.839e+05
    0.1021  8.404e+05
    0.1023  9.006e+05
    0.1026  9.676e+05
    0.1028  1.036e+06
     0.103  1.111e+06
    0.1033  1.188e+06
    0.1035  1.269e+06
    0.1037  1.357e+06
     0.104  1.449e+06
    0.1042  1.545e+06
    0.1044  1.646e+06
    0.1046  1.752e+06
    0.1049  1.862e+06
    0.1051  1.978e+06
    0.1053  2.096e+06
    0.1056  2.221e+06
    0.1058  2.351e+06
     0.106   2.48e+06
    0.1063  2.618e+06
    0.1065  2.754e+06
    0.1067  2.898e+06
     0.107  3.046e+06
    0.1072  3.188e+06
    0.1074  3.339e+06
    0.1076  3.484e+06
    0.1079  3.637e+06
    0.1081   3.79e+06
    0.1083  3.934e+06
    0.1086  4.086e+06
    0.1088  4.228e+06
     0.109  4.376e+06
    0.1092  4.521e+06
    0.1095  4.655e+06
    0.1097  4.794e+06
    0.1099  4.922e+06
    0.1102  5.051e+06
    0.1104  5.175e+06
    0.1106   5.29e+06
    0.1109  5.404e+06
    0.1111  5.509e+06
    0.1113  5.611e+06
    0.1115  5.707e+06
    0.1118  5.795e+06
     0.112  5.879e+06
    0.1122  5.956e+06
    0.1125  6.027e+06
    0.1127  6.091e+06
    0.1129   6.15e+06
    0.1132  6.202e+06
    0.1134  6.249e+06
    0.1136  6.288e+06
    0.1138  6.322e+06
    0.1141   6.35e+06
    0.1143  6.372e+06
    0.1145  6.388e+06
    0.1148  6.397e+06
     0.115    6.4e+06
    0.1152  6.397e+06
    0.1155  6.388e+06
    0.1157  6.372e+06
    0.1159   6.35e+06
    0.1162  6.322e+06
    0.1164  6.288e+06
    0.1166  6.249e+06
    0.1168  6.202e+06
    0.1171   6.15e+06
    0.1173  6.091e+06
    0.1175  6.027e+06
    0.1178  5.956e+06
     0.118  5.879e+06
    0.1182  5.795e+06
    0.1184  5.707e+06
    0.1187  5.611e+06
    0.1189  5.509e+06
    0.1191  5.404e+06
    0.1194   5.29e+06
    0.1196  5.175e+06
    0.1198  5.051e+06
    0.1201  4.922e+06
    0.1203  4.794e+06
    0.1205  4.655e+06
    0.1207  4.521e+06
     0.121  4.376e+06
    0.1212  4.228e+06
    0.1214  4.086e+06
    0.1217  3.934e+06
    0.1219   3.79e+06
    0.1221  3.637e+06
    0.1224  3.484e+06
    0.1226  3.339e+06
    0.1228  3.188e+06
     0.123  3.046e+06
    0.1233  2.898e+06
    0.1235  2.754e+06
    0.1237  2.618e+06
     0.124   2.48e+06
    0.1242  2.351e+06
    0.1244  2.221e+06
    0.1247  2.096e+06
    0.1249  1.978e+06
    0.1251  1.862e+06
    0.1253  1.752e+06
    0.1256  1.646e+06
    0.1258  1.545e+06
     0.126  1.449e+06
    0.1263  1.357e+06
    0.1265  1.269e+06
    0.1267  1.188e+06
     0.127  1.111e+06
    0.1272  1.036e+06
    0.1274  9.676e+05
    0.1276  9.006e+05
    0.1279  8.404e+05
    0.1281  7.839e+05
    0.1283  7.281e+05
    0.1286  6.785e+05
    0.1288  6.294e+05
     0.129  5.862e+05
    0.1293  5.457e+05
    0.1295  5.054e+05
    0.1297  4.702e+05
      0.13  4.351e+05
    0.1302  4.045e+05
    0.1304  3.761e+05
    0.1306  3.475e+05
    0.1309  3.228e+05
    0.1311   2.98e+05
    0.1313  2.766e+05
    0.1316  2.567e+05
    0.1318  2.366e+05
     0.132  2.194e+05
    0.1322   2.02e+05
    0.1325  1.871e+05
    0.1327  1.732e+05
    0.1329   1.59e+05
    0.1332   1.47e+05
    0.1334  1.347e+05
    0.1336  1.242e+05
    0.1339  1.143e+05
    0.1341  1.043e+05
    0.1343  9.565e+04
    0.1346  8.681e+04
    0.1348  7.922e+04
     0.135  7.205e+04
    0.1352  6.465e+04
    0.1355  5.825e+04
    0.1357   5.16e+04
    0.1359  4.583e+04
    0.1362   4.03e+04
    0.1364  3.653e+04
    0.1366  3.131e+04
    0.1368  2.521e+04
    0.1371  2.017e+04
    0.1373  1.512e+04
    0.1375  9.812e+03
    0.1378  4.906e+03
     0.138  2.453e+03
    0.1382  4.906e+03
    0.1385  9.812e+03
    0.1387  1.512e+04
    0.1389  2.017e+04
    0.1391  2.521e+04
    0.1394  3.131e+04
    0.1396  3.653e+04
    0.1398   4.03e+04
    0.1401  4.583e+04
    0.1403   5.16e+04
    0.1405  5.825e+04
    0.1408  6.465e+04
     0.141  7.205e+04
    0.1412  7.922e+04
    0.1414  8.681e+04
    0.1417  9.565e+04
    0.1419  1.043e+05
    0.1421  1.143e+05
    0.1424  1.242e+05
    0.1426  1.347e+05
    0.1428   1.47e+05
    0.1431   1.59e+05
    0.1433  1.732e+05
    0.1435  1.871e+05
    0.1437   2.02e+05
     0.144  2.194e+05
    0.1442  2.366e+05
    0.1444  2.567e+05
    0.1447  2.766e+05
    0.1449   2.98e+05
    0.1451  3.228e+05
    0.1454  3.475e+05
    0.1456  3.761e+05
    0.1458  4.045e+05
     0.146  4.351e+05
    0.1463  4.702e+05
    0.1465  5.054e+05
    0.1467  5.457e+05
     0.147  5.862e+05
    0.1472  6.294e+05
    0.1474  6.785e+05
    0.1477  7.281e+05
    0.1479  7.839e+05
    0.1481  8.404e+05
    0.1483  9.006e+05
    0.1486  9.676e+05
    0.1488  1.036e+06
     0.149  1.111e+06
    0.1493  1.188e+06
    0.1495  1.269e+06
    0.1497  1.357e+06
      0.15  1.449e+06
    0.1502  1.545e+06
    0.1504  1.646e+06
    0.1506  1.752e+06
    0.1509  1.862e+06
    0.1511  1.978e+06
    0.1513  2.096e+06
    0.1516  2.221e+06
    0.1518  2.351e+06
     0.152   2.48e+06
    0.1523  2.618e+06
    0.1525  2.754e+06
    0.1527  2.898e+06
    0.1529  3.046e+06
    0.1532  3.188e+06
    0.1534  3.339e+06
    0.1536  3.484e+06
    0.1539  3.637e+06
    0.1541   3.79e+06
    0.1543  3.934e+06
    0.1546  4.086e+06
    0.1548  4.228e+06
     0.155  4.376e+06
    0.1552  4.521e+06
    0.1555  4.655e+06
    0.1557  4.794e+06
    0.1559  4.922e+06
    0.1562  5.051e+06
    0.1564  5.175e+06
    0.1566   5.29e+06
    0.1569  5.404e+06
    0.1571  5.509e+06
    0.1573  5.611e+06
    0.1575  5.707e+06
    0.1578  5.795e+06
     0.158  5.879e+06
    0.1582  5.956e+06
    0.1585  6.027e+06
    0.1587  6.091e+06
    0.1589   6.15e+06
    0.1592  6.202e+06
    0.1594  6.249e+06
    0.1596  6.288e+06
    0.1598  6.322e+06
    0.1601   6.35e+06
    0.1603  6.372e+06
    0.1605  6.388e+06
    0.1608  6.397e+06
     0.161    6.4e+06
    0.1612  6.397e+06
    0.1615  6.388e+06
    0.1617  6.372e+06
    0.1619   6.35e+06
    0.1621  6.322e+06
    0.1624  6.288e+06
    0.1626  6.249e+06
    0.1628  6.202e+06
    0.1631   6.15e+06
    0.1633  6.091e+06
    0.1635  6.027e+06
    0.1638  5.956e+06
     0.164  5.879e+06
    0.1642  5.795e+06
    0.1644  5.707e+06
    0.1647  5.611e+06
    0.1649  5.509e+06
    0.1651  5.404e+06
    0.1654   5.29e+06
    0.1656  5.175e+06
    0.1658  5.051e+06
    0.1661  4.922e+06
    0.1663  4.794e+06
    0.1665  4.655e+06
    0.1667  4.521e+06
     0.167  4.376e+06
    0.1672  4.228e+06
    0.1674  4.086e+06
    0.1677  3.934e+06
    0.1679   3.79e+06
    0.1681  3.637e+06
    0.1684  3.484e+06
    0.1686  3.339e+06
    0.1688  3.188e+06
     0.169  3.046e+06
    0.1693  2.898e+06
    0.1695  2.754e+06
    0.1697  2.618e+06
      0.17   2.48e+06
    0.1702  2.351e+06
    0.1704  2.221e+06
    0.1707  2.096e+06
    0.1709  1.978e+06
    0.1711  1.862e+06
    0.1713  1.752e+06
    0.1716  1.646e+06
    0.1718  1.545e+06
     0.172  1.449e+06
    0.1723  1.357e+06
    0.1725  1.269e+06
    0.1727  1.188e+06
     0.173  1.111e+06
    0.1732  1.036e+06
    0.1734  9.676e+05
    0.1736  9.006e+05
    0.1739  8.404e+05
    0.1741  7.839e+05
    0.1743  7.281e+05
    0.1746  6.785e+05
    0.1748  6.294e+05
     0.175  5.862e+05
    0.1753  5.457e+05
    0.1755  5.054e+05
    0.1757  4.702e+05
    0.1759  4.351e+05
    0.1762  4.045e+05
    0.1764  3.761e+05
    0.1766  3.475e+05
    0.1769  3.228e+05
    0.1771   2.98e+05
    0.1773  2.766e+05
    0.1776  2.567e+05
    0.1778  2.366e+05
     0.178  2.194e+05
    0.1782   2.02e+05
    0.1785  1.871e+05
    0.1787  1.732e+05
    0.1789   1.59e+05
    0.1792   1.47e+05
    0.1794  1.347e+05
    0.1796  1.242e+05
    0.1799  1.143e+05
    0.1801  1.043e+05
    0.1803  9.565e+04
    0.1805  8.681e+04
    0.1808  7.922e+04
     0.181  7.205e+04
    0.1812  6.465e+04
    0.1815  5.825e+04
    0.1817   5.16e+04
    0.1819  4.583e+04
    0.1822   4.03e+04
    0.1824  3.653e+04
    0.1826  3.131e+04
    0.1828  2.521e+04
    0.1831  2.017e+04
    0.1833  1.512e+04
    0.1835  9.812e+03
    0.1838  4.906e+03
     0.184  2.453e+03
    0.1842  4.906e+03
    0.1845  9.812e+03
    0.1847  1.512e+04
    0.1849  2.017e+04
    0.1852  2.521e+04
    0.1854  3.131e+04
    0.1856  3.653e+04
    0.1858   4.03e+04
    0.1861  4.583e+04
    0.1863   5.16e+04
    0.1865  5.825e+04
    0.1868  6.465e+04
     0.187  7.205e+04
    0.1872  7.922e+04
    0.1875  8.681e+04
    0.1877  9.565e+04
    0.1879  1.043e+05
    0.1881  1.143e+05
    0.1884  1.242e+05
    0.1886  1.347e+05
    0.1888   1.47e+05
    0.1891   1.59e+05
    0.1893  1.732e+05
    0.1895  1.871e+05
    0.1898   2.02e+05
      0.19  2.194e+05
    0.1902  2.366e+05
    0.1904  2.567e+05
    0.1907  2.766e+05
    0.1909   2.98e+05
    0.1911  3.228e+05
    0.1914  3.475e+05
    0.1916  3.761e+05
    0.1918  4.045e+05
     0.192  4.351e+05
    0.1923  4.702e+05
    0.1925  5.054e+05
    0.1927  5.457e+05
     0.193  5.862e+05
    0.1932  6.294e+05
    0.1934  6.785e+05
    0.1937  7.281e+05
    0.1939  7.839e+05
    0.1941  8.404e+05
    0.1943  9.006e+05
    0.1946  9.676e+05
    0.1948  1.036e+06
     0.195  1.111e+06
    0.1953  1.188e+06
    0.1955  1.269e+06
    0.1957  1.357e+06
     0.196  1.449e+06
    0.1962  1.545e+06
    0.1964  1.646e+06
    0.1966  1.752e+06
    0.1969  1.862e+06
    0.1971  1.978e+06
    0.1973  2.096e+06
    0.1976  2.221e+06
    0.1978  2.351e+06
     0.198   2.48e+06
    0.1983  2.618e+06
    0.1985  2.754e+06
    0.1987  2.898e+06
    0.1989  3.046e+06
    0.1992  3.188e+06
    0.1994  3.339e+06
    0.1996  3.484e+06
    0.1999  3.637e+06
    0.2001   3.79e+06
    0.2003  3.934e+06
    0.2006  4.086e+06
    0.2008  4.228e+06
     0.201  4.376e+06
    0.2012  4.521e+06
    0.2015  4.655e+06
    0.2017  4.794e+06
    0.2019  4.922e+06
    0.2022  5.051e+06
    0.2024  5.175e+06
    0.2026   5.29e+06
    0.2029  5.404e+06
    0.2031  5.509e+06
    0.2033  5.611e+06
    0.2036  5.707e+06
    0.2038  5.795e+06
     0.204  5.879e+06
    0.2042  5.956e+06
    0.2045  6.027e+06
    0.2047  6.091e+06
    0.2049   6.15e+06
    0.2052  6.202e+06
    0.2054  6.249e+06
    0.2056  6.288e+06
    0.2059  6.322e+06
    0.2061   6.35e+06
    0.2063  6.372e+06
    0.2065  6.388e+06
    0.2068  6.397e+06
     0.207    6.4e+06
    0.2072  6.397e+06
    0.2075  6.388e+06
    0.2077  6.372e+06
    0.2079   6.35e+06
    0.2082  6.322e+06
    0.2084  6.288e+06
    0.2086  6.249e+06
    0.2088  6.202e+06
    0.2091   6.15e+06
    0.2093  6.091e+06
    0.2095  6.027e+06
    0.2098  5.956e+06
      0.21  5.879e+06
    0.2102  5.795e+06
    0.2104  5.707e+06
    0.2107  5.611e+06
    0.2109  5.509e+06
    0.2111  5.404e+06
    0.2114   5.29e+06
    0.2116  5.175e+06
    0.2118  5.051e+06
    0.2121  4.922e+06
    0.2123  4.794e+06
    0.2125  4.655e+06
    0.2127  4.521e+06
     0.213  4.376e+06
    0.2132  4.228e+06
    0.2134  4.086e+06
    0.2137  3.934e+06
    0.2139   3.79e+06
    0.2141  3.637e+06
    0.2144  3.484e+06
    0.2146  3.339e+06
    0.2148  3.188e+06
     0.215  3.046e+06
    0.2153  2.898e+06
    0.2155  2.754e+06
    0.2157  2.618e+06
     0.216   2.48e+06
    0.2162  2.351e+06
    0.2164  2.221e+06
    0.2167  2.096e+06
    0.2169  1.978e+06
    0.2171  1.862e+06
    0.2173  1.752e+06
    0.2176  1.646e+06
    0.2178  1.545e+06
     0.218  1.449e+06
    0.2183  1.357e+06
    0.2185  1.269e+06
    0.2187  1.188e+06
     0.219  1.111e+06
    0.2192  1.036e+06
    0.2194  9.676e+05
    0.2196  9.006e+05
    0.2199  8.404e+05
    0.2201  7.839e+05
    0.2203  7.281e+05
    0.2206  6.785e+05
    0.2208  6.294e+05
     0.221  5.862e+05
    0.2213  5.457e+05
    0.2215  5.054e+05
    0.2217  4.702e+05
    0.2219  4.351e+05
    0.2222  4.045e+05
    0.2224  3.761e+05
    0.2226  3.475e+05
    0.2229  3.228e+05
    0.2231   2.98e+05
    0.2233  2.766e+05
    0.2236  2.567e+05
    0.2238  2.366e+05
     0.224  2.194e+05
    0.2243   2.02e+05
    0.2245  1.871e+05
    0.2247  1.732e+05
    0.2249   1.59e+05
    0.2252   1.47e+05
    0.2254  1.347e+05
    0.2256  1.242e+05
    0.2259  1.143e+05
    0.2261  1.043e+05
    0.2263  9.565e+04
    0.2266  8.681e+04
    0.2268  7.922e+04
     0.227  7.205e+04
    0.2272  6.465e+04
    0.2275  5.825e+04
    0.2277   5.16e+04
    0.2279  4.583e+04
    0.2282   4.03e+04
    0.2284  3.653e+04
    0.2286  3.131e+04
    0.2288  2.521e+04
    0.2291  2.017e+04
    0.2293  1.512e+04
    0.2295  9.812e+03
    0.2298  4.906e+03
      0.23  2.453e+03
    0.2302  4.906e+03
    0.2305  9.812e+03
    0.2307  1.512e+04
    0.2309  2.017e+04
    0.2312  2.521e+04
    0.2314  3.131e+04
    0.2316  3.653e+04
    0.2318   4.03e+04
    0.2321  4.583e+04
    0.2323   5.16e+04
    0.2325  5.825e+04
    0.2328  6.465e+04
     0.233  7.205e+04
    0.2332  7.922e+04
    0.2335  8.681e+04
    0.2337  9.565e+04
    0.2339  1.043e+05
    0.2341  1.143e+05
    0.2344  1.242e+05
    0.2346  1.347e+05
    0.2348   1.47e+05
    0.2351   1.59e+05
    0.2353  1.732e+05
    0.2355  1.871e+05
    0.2358   2.02e+05
     0.236  2.194e+05
    0.2362  2.366e+05
    0.2364  2.567e+05
    0.2367  2.766e+05
    0.2369   2.98e+05
    0.2371  3.228e+05
    0.2374  3.475e+05
    0.2376  3.761e+05
    0.2378  4.045e+05
    0.2381  4.351e+05
    0.2383  4.702e+05
    0.2385  5.054e+05
    0.2387  5.457e+05
     0.239  5.862e+05
    0.2392  6.294e+05
    0.2394  6.785e+05
    0.2397  7.281e+05
    0.2399  7.839e+05
    0.2401  8.404e+05
    0.2404  9.006e+05
    0.2406  9.676e+05
    0.2408  1.036e+06
     0.241  1.111e+06
    0.2413  1.188e+06
    0.2415  1.269e+06
    0.2417  1.357e+06
     0.242  1.449e+06
    0.2422  1.545e+06
    0.2424  1.646e+06
    0.2427  1.752e+06
    0.2429  1.862e+06
    0.2431  1.978e+06
    0.2433  2.096e+06
    0.2436  2.221e+06
    0.2438  2.351e+06
     0.244   2.48e+06
    0.2443  2.618e+06
    0.2445  2.754e+06
    0.2447  2.898e+06
     0.245  3.046e+06
    0.2452  3.188e+06
    0.2454  3.339e+06
    0.2456  3.484e+06
    0.2459  3.637e+06
    0.2461   3.79e+06
    0.2463  3.934e+06
    0.2466  4.086e+06
    0.2468  4.228e+06
     0.247  4.376e+06
    0.2472  4.521e+06
    0.2475  4.655e+06
    0.2477  4.794e+06
    0.2479  4.922e+06
    0.2482  5.051e+06
    0.2484  5.175e+06
    0.2486   5.29e+06
    0.2489  5.404e+06
    0.2491  5.509e+06
    0.2493  5.611e+06
    0.2495  5.707e+06
    0.2498  5.795e+06
      0.25  5.879e+06
    0.2502  5.956e+06
    0.2505  6.027e+06
    0.2507  6.091e+06
    0.2509   6.15e+06
    0.2512  6.202e+06
    0.2514  6.249e+06
    0.2516  6.288e+06
    0.2519  6.322e+06
    0.2521   6.35e+06
    0.2523  6.372e+06
    0.2525  6.388e+06
    0.2528  6.397e+06
     0.253    6.4e+06
    0.2532  6.397e+06
    0.2535  6.388e+06
    0.2537  6.372e+06
    0.2539   6.35e+06
    0.2541  6.322e+06
    0.2544  6.288e+06
    0.2546  6.249e+06
    0.2548  6.202e+06
    0.2551   6.15e+06
    0.2553  6.091e+06
    0.2555  6.027e+06
    0.2558  5.956e+06
     0.256  5.879e+06
    0.2562  5.795e+06
    0.2565  5.707e+06
    0.2567  5.611e+06
    0.2569  5.509e+06
    0.2571  5.404e+06
    0.2574   5.29e+06
    0.2576  5.175e+06
    0.2578  5.051e+06
    0.2581  4.922e+06
    0.2583  4.794e+06
    0.2585  4.655e+06
    0.2588  4.521e+06
     0.259  4.376e+06
    0.2592  4.228e+06
    0.2594  4.086e+06
    0.2597  3.934e+06
    0.2599   3.79e+06
    0.2601  3.637e+06
    0.2604  3.484e+06
    0.2606  3.339e+06
    0.2608  3.188e+06
    0.2611  3.046e+06
    0.2613  2.898e+06
    0.2615  2.754e+06
    0.2617  2.618e+06
     0.262   2.48e+06
    0.2622  2.351e+06
    0.2624  2.221e+06
    0.2627  2.096e+06
    0.2629  1.978e+06
    0.2631  1.862e+06
    0.2634  1.752e+06
    0.2636  1.646e+06
    0.2638  1.545e+06
     0.264  1.449e+06
    0.2643  1.357e+06
    0.2645  1.269e+06
    0.2647  1.188e+06
     0.265  1.111e+06
    0.2652  1.036e+06
    0.2654  9.676e+05
    0.2656  9.006e+05
    0.2659  8.404e+05
    0.2661  7.839e+05
    0.2663  7.281e+05
    0.2666  6.785e+05
    0.2668  6.294e+05
     0.267  5.862e+05
    0.2673  5.457e+05
    0.2675  5.054e+05
    0.2677  4.702e+05
     0.268  4.351e+05
    0.2682  4.045e+05
    0.2684  3.761e+05
    0.2686  3.475e+05
    0.2689  3.228e+05
    0.2691   2.98e+05
    0.2693  2.766e+05
    0.2696  2.567e+05
    0.2698  2.366e+05
      0.27  2.194e+05
    0.2702   2.02e+05
    0.2705  1.871e+05
    0.2707  1.732e+05
    0.2709   1.59e+05
    0.2712   1.47e+05
    0.2714  1.347e+05
    0.2716  1.242e+05
    0.2719  1.143e+05
    0.2721  1.043e+05
    0.2723  9.565e+04
    0.2726  8.681e+04
    0.2728  7.922e+04
     0.273  7.205e+04
    0.2732  6.465e+04
    0.2735  5.825e+04
    0.2737   5.16e+04
    0.2739  4.583e+04
    0.2742   4.03e+04
    0.2744  3.653e+04
    0.2746  3.131e+04
    0.2748  2.521e+04
    0.2751  2.017e+04
    0.2753  1.512e+04
    0.2755  9.812e+03
    0.2758  4.906e+03
     0.276  2.453e+03
    0.2762  4.906e+03
    0.2765  9.812e+03
    0.2767  1.512e+04
    0.2769  2.017e+04
    0.2771  2.521e+04
    0.2774  3.131e+04
    0.2776  3.653e+04
    0.2778   4.03e+04
    0.2781  4.583e+04
    0.2783   5.16e+04
    0.2785  5.825e+04
    0.2788  6.465e+04
     0.279  7.205e+04
    0.2792  7.922e+04
    0.2794  8.681e+04
    0.2797  9.565e+04
    0.2799  1.043e+05
    0.2801  1.143e+05
    0.2804  1.242e+05
    0.2806  1.347e+05
    0.2808   1.47e+05
    0.2811   1.59e+05
    0.2813  1.732e+05
    0.2815  1.871e+05
    0.2817   2.02e+05
     0.282  2.194e+05
    0.2822  2.366e+05
    0.2824  2.567e+05
    0.2827  2.766e+05
    0.2829   2.98e+05
    0.2831  3.228e+05
    0.2834  3.475e+05
    0.2836  3.761e+05
    0.2838  4.045e+05
     0.284  4.351e+05
    0.2843  4.702e+05
    0.2845  5.054e+05
    0.2847  5.457e+05
     0.285  5.862e+05
    0.2852  6.294e+05
    0.2854  6.785e+05
    0.2857  7.281e+05
    0.2859  7.839e+05
    0.2861  8.404e+05
    0.2863  9.006e+05
    0.2866  9.676e+05
    0.2868  1.036e+06
     0.287  1.111e+06
    0.2873  1.188e+06
    0.2875  1.269e+06
    0.2877  1.357e+06
     0.288  1.449e+06
    0.2882  1.545e+06
    0.2884  1.646e+06
    0.2886  1.752e+06
    0.2889  1.862e+06
    0.2891  1.978e+06
    0.2893  2.096e+06
    0.2896  2.221e+06
    0.2898  2.351e+06
      0.29   2.48e+06
    0.2903  2.618e+06
    0.2905  2.754e+06
    0.2907  2.898e+06
    0.2909  3.046e+06
    0.2912  3.188e+06
    0.2914  3.339e+06
    0.2916  3.484e+06
    0.2919  3.637e+06
    0.2921   3.79e+06
    0.2923  3.934e+06
    0.2926  4.086e+06
    0.2928  4.228e+06
     0.293  4.376e+06
    0.2932  4.521e+06
    0.2935  4.655e+06
    0.2937  4.794e+06
    0.2939  4.922e+06
    0.2942  5.051e+06
    0.2944  5.175e+06
    0.2946   5.29e+06
    0.2949  5.404e+06
    0.2951  5.509e+06
    0.2953  5.611e+06
    0.2955  5.707e+06
    0.2958  5.795e+06
     0.296  5.879e+06
    0.2962  5.956e+06
    0.2965  6.027e+06
    0.2967  6.091e+06
    0.2969   6.15e+06
    0.2972  6.202e+06
    0.2974  6.249e+06
    0.2976  6.288e+06
    0.2978  6.322e+06
    0.2981   6.35e+06
    0.2983  6.372e+06
    0.2985  6.388e+06
    0.2988  6.397e+06
     0.299    6.4e+06
    0.2992  6.397e+06
    0.2995  6.388e+06
    0.2997  6.372e+06
    0.2999   6.35e+06
    0.3001  6.322e+06
    0.3004  6.288e+06
    0.3006  6.249e+06
    0.3008  6.202e+06
    0.3011   6.15e+06
    0.3013  6.091e+06
    0.3015  6.027e+06
    0.3018  5.956e+06
     0.302  5.879e+06
    0.3022  5.795e+06
    0.3024  5.707e+06
    0.3027  5.611e+06
    0.3029  5.509e+06
    0.3031  5.404e+06
    0.3034   5.29e+06
    0.3036  5.175e+06
    0.3038  5.051e+06
    0.3041  4.922e+06
    0.3043  4.794e+06
    0.3045  4.655e+06
    0.3047  4.521e+06
     0.305  4.376e+06
    0.3052  4.228e+06
    0.3054  4.086e+06
    0.3057  3.934e+06
    0.3059   3.79e+06
    0.3061  3.637e+06
    0.3064  3.484e+06
    0.3066  3.339e+06
    0.3068  3.188e+06
     0.307  3.046e+06
    0.3073  2.898e+06
    0.3075  2.754e+06
    0.3077  2.618e+06
     0.308   2.48e+06
    0.3082  2.351e+06
    0.3084  2.221e+06
    0.3087  2.096e+06
    0.3089  1.978e+06
    0.3091  1.862e+06
    0.3093  1.752e+06
    0.3096  1.646e+06
    0.3098  1.545e+06
      0.31  1.449e+06
    0.3103  1.357e+06
    0.3105  1.269e+06
    0.3107  1.188e+06
     0.311  1.111e+06
    0.3112  1.036e+06
    0.3114  9.676e+05
    0.3116  9.006e+05
    0.3119  8.404e+05
    0.3121  7.839e+05
    0.3123  7.281e+05
    0.3126  6.785e+05
    0.3128  6.294e+05
     0.313  5.862e+05
    0.3133  5.457e+05
    0.3135  5.054e+05
    0.3137  4.702e+05
    0.3139  4.351e+05
    0.3142  4.045e+05
    0.3144  3.761e+05
    0.3146  3.475e+05
    0.3149  3.228e+05
    0.3151   2.98e+05
    0.3153  2.766e+05
    0.3156  2.567e+05
    0.3158  2.366e+05
     0.316  2.194e+05
    0.3162   2.02e+05
    0.3165  1.871e+05
    0.3167  1.732e+05
    0.3169   1.59e+05
    0.3172   1.47e+05
    0.3174  1.347e+05
    0.3176  1.242e+05
    0.3179  1.143e+05
    0.3181  1.043e+05
    0.3183  9.565e+04
    0.3185  8.681e+04
    0.3188  7.922e+04
     0.319  7.205e+04
    0.3192  6.465e+04
    0.3195  5.825e+04
    0.3197   5.16e+04
    0.3199  4.583e+04
    0.3202   4.03e+04
    0.3204  3.653e+04
    0.3206  3.131e+04
    0.3208  2.521e+04
    0.3211  2.017e+04
    0.3213  1.512e+04
    0.3215  9.812e+03
    0.3218  4.906e+03
     0.322  2.453e+03
    0.3222  4.906e+03
    0.3225  9.812e+03
    0.3227  1.512e+04
    0.3229  2.017e+04
    0.3231  2.521e+04
    0.3234  3.131e+04
    0.3236  3.653e+04
    0.3238   4.03e+04
    0.3241  4.583e+04
    0.3243   5.16e+04
    0.3245  5.825e+04
    0.3248  6.465e+04
     0.325  7.205e+04
    0.3252  7.922e+04
    0.3254  8.681e+04
    0.3257  9.565e+04
    0.3259  1.043e+05
    0.3261  1.143e+05
    0.3264  1.242e+05
    0.3266  1.347e+05
    0.3268   1.47e+05
    0.3271   1.59e+05
    0.3273  1.732e+05
    0.3275  1.871e+05
    0.3277   2.02e+05
     0.328  2.194e+05
    0.3282  2.366e+05
    0.3284  2.567e+05
    0.3287  2.766e+05
    0.3289   2.98e+05
    0.3291  3.228e+05
    0.3294  3.475e+05
    0.3296  3.761e+05
    0.3298  4.045e+05
      0.33  4.351e+05
    0.3303  4.702e+05
    0.3305  5.054e+05
    0.3307  5.457e+05
     0.331  5.862e+05
    0.3312  6.294e+05
    0.3314  6.785e+05
    0.3317  7.281e+05
    0.3319  7.839e+05
    0.3321  8.404e+05
    0.3323  9.006e+05
    0.3326  9.676e+05
    0.3328  1.036e+06
     0.333  1.111e+06
    0.3333  1.188e+06
    0.3335  1.269e+06
    0.3337  1.357e+06
     0.334  1.449e+06
    0.3342  1.545e+06
    0.3344  1.646e+06
    0.3346  1.752e+06
    0.3349  1.862e+06
    0.3351  1.978e+06
    0.3353  2.096e+06
    0.3356  2.221e+06
    0.3358  2.351e+06
     0.336   2.48e+06
    0.3363  2.618e+06
    0.3365  2.754e+06
    0.3367  2.898e+06
    0.3369  3.046e+06
    0.3372  3.188e+06
    0.3374  3.339e+06
    0.3376  3.484e+06
    0.3379  3.637e+06
    0.3381   3.79e+06
    0.3383  3.934e+06
    0.3386  4.086e+06
    0.3388  4.228e+06
     0.339  4.376e+06
    0.3392  4.521e+06
    0.3395  4.655e+06
    0.3397  4.794e+06
    0.3399  4.922e+06
    0.3402  5.051e+06
    0.3404  5.175e+06
    0.3406   5.29e+06
    0.3409  5.404e+06
    0.3411  5.509e+06
    0.3413  5.611e+06
    0.3415  5.707e+06
    0.3418  5.795e+06
     0.342  5.879e+06
    0.3422  5.956e+06
    0.3425  6.027e+06
    0.3427  6.091e+06
    0.3429   6.15e+06
    0.3432  6.202e+06
    0.3434  6.249e+06
    0.3436  6.288e+06
    0.3438  6.322e+06
    0.3441   6.35e+06
    0.3443  6.372e+06
    0.3445  6.388e+06
    0.3448  6.397e+06
     0.345    6.4e+06
    0.3452  6.397e+06
    0.3455  6.388e+06
    0.3457  6.372e+06
    0.3459   6.35e+06
    0.3461  6.322e+06
    0.3464  6.288e+06
    0.3466  6.249e+06
    0.3468  6.202e+06
    0.3471   6.15e+06
    0.3473  6.091e+06
    0.3475  6.027e+06
    0.3478  5.956e+06
     0.348  5.879e+06
    0.3482  5.795e+06
    0.3484  5.707e+06
    0.3487  5.611e+06
    0.3489  5.509e+06
    0.3491  5.404e+06
    0.3494   5.29e+06
    0.3496  5.175e+06
    0.3498  5.051e+06
    0.3501  4.922e+06
    0.3503  4.794e+06
    0.3505  4.655e+06
    0.3507  4.521e+06
     0.351  4.376e+06
    0.3512  4.228e+06
    0.3514  4.086e+06
    0.3517  3.934e+06
    0.3519   3.79e+06
    0.3521  3.637e+06
    0.3524  3.484e+06
    0.3526  3.339e+06
    0.3528  3.188e+06
     0.353  3.046e+06
    0.3533  2.898e+06
    0.3535  2.754e+06
    0.3537  2.618e+06
     0.354   2.48e+06
    0.3542  2.351e+06
    0.3544  2.221e+06
    0.3547  2.096e+06
    0.3549  1.978e+06
    0.3551  1.862e+06
    0.3553  1.752e+06
    0.3556  1.646e+06
    0.3558  1.545e+06
     0.356  1.449e+06
    0.3563  1.357e+06
    0.3565  1.269e+06
    0.3567  1.188e+06
     0.357  1.111e+06
    0.3572  1.036e+06
    0.3574  9.676e+05
    0.3576  9.006e+05
    0.3579  8.404e+05
    0.3581  7.839e+05
    0.3583  7.281e+05
    0.3586  6.785e+05
    0.3588  6.294e+05
     0.359  5.862e+05
    0.3593  5.457e+05
    0.3595  5.054e+05
    0.3597  4.702e+05
    0.3599  4.351e+05
    0.3602  4.045e+05
    0.3604  3.761e+05
    0.3606  3.475e+05
    0.3609  3.228e+05
    0.3611   2.98e+05
    0.3613  2.766e+05
    0.3616  2.567e+05
    0.3618  2.366e+05
     0.362  2.194e+05
    0.3622   2.02e+05
    0.3625  1.871e+05
    0.3627  1.732e+05
    0.3629   1.59e+05
    0.3632   1.47e+05
    0.3634  1.347e+05
    0.3636  1.242e+05
    0.3639  1.143e+05
    0.3641  1.043e+05
    0.3643  9.565e+04
    0.3645  8.681e+04
    0.3648  7.922e+04
     0.365  7.205e+04
    0.3652  6.465e+04
    0.3655  5.825e+04
    0.3657   5.16e+04
    0.3659  4.583e+04
    0.3662   4.03e+04
    0.3664  3.653e+04
    0.3666  3.131e+04
    0.3668  2.521e+04
    0.3671  2.017e+04
    0.3673  1.512e+04
    0.3675  9.812e+03
    0.3678  4.906e+03
     0.368  2.453e+03
    0.3682  4.906e+03
    0.3685  9.812e+03
    0.3687  1.512e+04
    0.3689  2.017e+04
    0.3691  2.521e+04
    0.3694  3.131e+04
    0.3696  3.653e+04
    0.3698   4.03e+04
    0.3701  4.583e+04
    0.3703   5.16e+04
    0.3705  5.825e+04
    0.3708  6.465e+04
     0.371  7.205e+04
    0.3712  7.922e+04
    0.3715  8.681e+04
    0.3717  9.565e+04
    0.3719  1.043e+05
    0.3721  1.143e+05
    0.3724  1.242e+05
    0.3726  1.347e+05
    0.3728   1.47e+05
    0.3731   1.59e+05
    0.3733  1.732e+05
    0.3735  1.871e+05
    0.3737   2.02e+05
     0.374  2.194e+05
    0.3742  2.366e+05
    0.3744  2.567e+05
    0.3747  2.766e+05
    0.3749   2.98e+05
    0.3751  3.228e+05
    0.3754  3.475e+05
    0.3756  3.761e+05
    0.3758  4.045e+05
     0.376  4.351e+05
    0.3763  4.702e+05
    0.3765  5.054e+05
    0.3767  5.457e+05
     0.377  5.862e+05
    0.3772  6.294e+05
    0.3774  6.785e+05
    0.3777  7.281e+05
    0.3779  7.839e+05
    0.3781  8.404e+05
    0.3784  9.006e+05
    0.3786  9.676e+05
    0.3788  1.036e+06
     0.379  1.111e+06
    0.3793  1.188e+06
    0.3795  1.269e+06
    0.3797  1.357e+06
      0.38  1.449e+06
    0.3802  1.545e+06
    0.3804  1.646e+06
    0.3806  1.752e+06
    0.3809  1.862e+06
    0.3811  1.978e+06
    0.3813  2.096e+06
    0.3816  2.221e+06
    0.3818  2.351e+06
     0.382   2.48e+06
    0.3823  2.618e+06
    0.3825  2.754e+06
    0.3827  2.898e+06
     0.383  3.046e+06
    0.3832  3.188e+06
    0.3834  3.339e+06
    0.3836  3.484e+06
    0.3839  3.637e+06
    0.3841   3.79e+06
    0.3843  3.934e+06
    0.3846  4.086e+06
    0.3848  4.228e+06
     0.385  4.376e+06
    0.3852  4.521e+06
    0.3855  4.655e+06
    0.3857  4.794e+06
    0.3859  4.922e+06
    0.3862  5.051e+06
    0.3864  5.175e+06
    0.3866   5.29e+06
    0.3869  5.404e+06
    0.3871  5.509e+06
    0.3873  5.611e+06
    0.3876  5.707e+06
    0.3878  5.795e+06
     0.388  5.879e+06
    0.3882  5.956e+06
    0.3885  6.027e+06
    0.3887  6.091e+06
    0.3889   6.15e+06
    0.3892  6.202e+06
    0.3894  6.249e+06
    0.3896  6.288e+06
    0.3898  6.322e+06
    0.3901   6.35e+06
    0.3903  6.372e+06
    0.3905  6.388e+06
    0.3908  6.397e+06
     0.391    6.4e+06
    0.3912  6.397e+06
    0.3915  6.388e+06
    0.3917  6.372e+06
    0.3919   6.35e+06
    0.3921  6.322e+06
    0.3924  6.288e+06
    0.3926  6.249e+06
    0.3928  6.202e+06
    0.3931   6.15e+06
    0.3933  6.091e+06
    0.3935  6.027e+06
    0.3938  5.956e+06
     0.394  5.879e+06
    0.3942  5.795e+06
    0.3944  5.707e+06
    0.3947  5.611e+06
    0.3949  5.509e+06
    0.3951  5.404e+06
    0.3954   5.29e+06
    0.3956  5.175e+06
    0.3958  5.051e+06
    0.3961  4.922e+06
    0.3963  4.794e+06
    0.3965  4.655e+06
    0.3967  4.521e+06
     0.397  4.376e+06
    0.3972  4.228e+06
    0.3974  4.086e+06
    0.3977  3.934e+06
    0.3979   3.79e+06
    0.3981  3.637e+06
    0.3984  3.484e+06
    0.3986  3.339e+06
    0.3988  3.188e+06
    0.3991  3.046e+06
    0.3993  2.898e+06
    0.3995  2.754e+06
    0.3997  2.618e+06
       0.4   2.48e+06
    0.4002  2.351e+06
    0.4004  2.221e+06
    0.4007  2.096e+06
    0.4009  1.978e+06
    0.4011  1.862e+06
    0.4013  1.752e+06
    0.4016  1.646e+06
    0.4018  1.545e+06
     0.402  1.449e+06
    0.4023  1.357e+06
    0.4025  1.269e+06
    0.4027  1.188e+06
     0.403  1.111e+06
    0.4032  1.036e+06
    0.4034  9.676e+05
    0.4037  9.006e+05
    0.4039  8.404e+05
    0.4041  7.839e+05
    0.4043  7.281e+05
    0.4046  6.785e+05
    0.4048  6.294e+05
     0.405  5.862e+05
    0.4053  5.457e+05
    0.4055  5.054e+05
    0.4057  4.702e+05
    0.4059  4.351e+05
    0.4062  4.045e+05
    0.4064  3.761e+05
    0.4066  3.475e+05
    0.4069  3.228e+05
    0.4071   2.98e+05
    0.4073  2.766e+05
    0.4076  2.567e+05
    0.4078  2.366e+05
     0.408  2.194e+05
    0.4083   2.02e+05
    0.4085  1.871e+05
    0.4087  1.732e+05
    0.4089   1.59e+05
    0.4092   1.47e+05
    0.4094  1.347e+05
    0.4096  1.242e+05
    0.4099  1.143e+05
    0.4101  1.043e+05
    0.4103  9.565e+04
    0.4105  8.681e+04
    0.4108  7.922e+04
     0.411  7.205e+04
    0.4112  6.465e+04
    0.4115  5.825e+04
    0.4117   5.16e+04
    0.4119  4.583e+04
    0.4122   4.03e+04
    0.4124  3.653e+04
    0.4126  3.131e+04
    0.4128  2.521e+04
    0.4131  2.017e+04
    0.4133  1.512e+04
    0.4135  9.812e+03
    0.4138  4.906e+03
     0.414  2.453e+03
    0.4142  4.906e+03
    0.4145  9.812e+03
    0.4147  1.512e+04
    0.4149  2.017e+04
    0.4151  2.521e+04
    0.4154  3.131e+04
    0.4156  3.653e+04
    0.4158   4.03e+04
    0.4161  4.583e+04
    0.4163   5.16e+04
    0.4165  5.825e+04
    0.4168  6.465e+04
     0.417  7.205e+04
    0.4172  7.922e+04
    0.4174  8.681e+04
    0.4177  9.565e+04
    0.4179  1.043e+05
    0.4181  1.143e+05
    0.4184  1.242e+05
    0.4186  1.347e+05
    0.4188   1.47e+05
    0.4191   1.59e+05
    0.4193  1.732e+05
    0.4195  1.871e+05
    0.4197   2.02e+05
      0.42  2.194e+05
    0.4202  2.366e+05
    0.4204  2.567e+05
    0.4207  2.766e+05
    0.4209   2.98e+05
    0.4211  3.228e+05
    0.4214  3.475e+05
    0.4216  3.761e+05
    0.4218  4.045e+05
     0.422  4.351e+05
    0.4223  4.702e+05
    0.4225  5.054e+05
    0.4227  5.457e+05
     0.423  5.862e+05
    0.4232  6.294e+05
    0.4234  6.785e+05
    0.4237  7.281e+05
    0.4239  7.839e+05
    0.4241  8.404e+05
    0.4244  9.006e+05
    0.4246  9.676e+05
    0.4248  1.036e+06
     0.425  1.111e+06
    0.4253  1.188e+06
    0.4255  1.269e+06
    0.4257  1.357e+06
     0.426  1.449e+06
    0.4262  1.545e+06
    0.4264  1.646e+06
    0.4266  1.752e+06
    0.4269  1.862e+06
    0.4271  1.978e+06
    0.4273  2.096e+06
    0.4276  2.221e+06
    0.4278  2.351e+06
     0.428   2.48e+06
    0.4283  2.618e+06
    0.4285  2.754e+06
    0.4287  2.898e+06
    0.4289  3.046e+06
    0.4292  3.188e+06
    0.4294  3.339e+06
    0.4296  3.484e+06
    0.4299  3.637e+06
    0.4301   3.79e+06
    0.4303  3.934e+06
    0.4306  4.086e+06
    0.4308  4.228e+06
     0.431  4.376e+06
    0.4312  4.521e+06
    0.4315  4.655e+06
    0.4317  4.794e+06
    0.4319  4.922e+06
    0.4322  5.051e+06
    0.4324  5.175e+06
    0.4326   5.29e+06
    0.4329  5.404e+06
    0.4331  5.509e+06
    0.4333  5.611e+06
    0.4335  5.707e+06
    0.4338  5.795e+06
     0.434  5.879e+06
    0.4342  5.956e+06
    0.4345  6.027e+06
    0.4347  6.091e+06
    0.4349   6.15e+06
    0.4352  6.202e+06
    0.4354  6.249e+06
    0.4356  6.288e+06
    0.4358  6.322e+06
    0.4361   6.35e+06
    0.4363  6.372e+06
    0.4365  6.388e+06
    0.4368  6.397e+06
     0.437    6.4e+06
    0.4372  6.397e+06
    0.4375  6.388e+06
    0.4377  6.372e+06
    0.4379   6.35e+06
    0.4381  6.322e+06
    0.4384  6.288e+06
    0.4386  6.249e+06
    0.4388  6.202e+06
    0.4391   6.15e+06
    0.4393  6.091e+06
    0.4395  6.027e+06
    0.4398  5.956e+06
      0.44  5.879e+06
    0.4402  5.795e+06
    0.4404  5.707e+06
    0.4407  5.611e+06
    0.4409  5.509e+06
    0.4411  5.404e+06
    0.4414   5.29e+06
    0.4416  5.175e+06
    0.4418  5.051e+06
    0.4421  4.922e+06
    0.4423  4.794e+06
    0.4425  4.655e+06
    0.4427  4.521e+06
     0.443  4.376e+06
    0.4432  4.228e+06
    0.4434  4.086e+06
    0.4437  3.934e+06
    0.4439   3.79e+06
    0.4441  3.637e+06
    0.4444  3.484e+06
    0.4446  3.339e+06
    0.4448  3.188e+06
    0.4451  3.046e+06
    0.4453  2.898e+06
    0.4455  2.754e+06
    0.4457  2.618e+06
     0.446   2.48e+06
    0.4462  2.351e+06
    0.4464  2.221e+06
    0.4467  2.096e+06
    0.4469  1.978e+06
    0.4471  1.862e+06
    0.4473  1.752e+06
    0.4476  1.646e+06
    0.4478  1.545e+06
     0.448  1.449e+06
    0.4483  1.357e+06
    0.4485  1.269e+06
    0.4487  1.188e+06
     0.449  1.111e+06
    0.4492  1.036e+06
    0.4494  9.676e+05
    0.4496  9.006e+05
    0.4499  8.404e+05
    0.4501  7.839e+05
    0.4503  7.281e+05
    0.4506  6.785e+05
    0.4508  6.294e+05
     0.451  5.862e+05
    0.4513  5.457e+05
    0.4515  5.054e+05
    0.4517  4.702e+05
    0.4519  4.351e+05
    0.4522  4.045e+05
    0.4524  3.761e+05
    0.4526  3.475e+05
    0.4529  3.228e+05
    0.4531   2.98e+05
    0.4533  2.766e+05
    0.4536  2.567e+05
    0.4538  2.366e+05
     0.454  2.194e+05
    0.4542   2.02e+05
    0.4545  1.871e+05
    0.4547  1.732e+05
    0.4549   1.59e+05
    0.4552   1.47e+05
    0.4554  1.347e+05
    0.4556  1.242e+05
    0.4559  1.143e+05
    0.4561  1.043e+05
    0.4563  9.565e+04
    0.4565  8.681e+04
    0.4568  7.922e+04
     0.457  7.205e+04
    0.4572  6.465e+04
    0.4575  5.825e+04
    0.4577   5.16e+04
    0.4579  4.583e+04
    0.4582   4.03e+04
    0.4584  3.653e+04
    0.4586  3.131e+04
    0.4588  2.521e+04
    0.4591  2.017e+04
    0.4593  1.512e+04
    0.4595  9.812e+03
    0.4598  4.906e+03
      0.46  2.453e+03
       0.0        0.0
