816.0
       0.0  2.453e+03
   0.00023  4.906e+03
   0.00046  9.812e+03
   0.00069  1.512e+04
   0.00092  2.017e+04
   0.00115  2.521e+04
   0.00138  3.131e+04
   0.00161  3.653e+04
   0.00184   4.03e+04
   0.00207  4.583e+04
    0.0023   5.16e+04
   0.00253  5.825e+04
   0.00276  6.465e+04
   0.00299  7.205e+04
   0.00322  7.922e+04
   0.00345  8.681e+04
   0.00368  9.565e+04
   0.00391  1.043e+05
   0.00414  1.143e+05
   0.00437  1.242e+05
    0.0046  1.347e+05
   0.00483   1.47e+05
   0.00506   1.59e+05
   0.00529  1.732e+05
   0.00552  1.871e+05
   0.00575   2.02e+05
   0.00598  2.194e+05
   0.00621  2.366e+05
   0.00644  2.567e+05
   0.00667  2.766e+05
    0.0069   2.98e+05
   0.00713  3.228e+05
   0.00736  3.475e+05
   0.00759  3.761e+05
   0.00782  4.045e+05
   0.00805  4.351e+05
   0.00828  4.702e+05
   0.00851  5.054e+05
   0.00874  5.457e+05
   0.00897  5.862e+05
    0.0092  6.294e+05
   0.00943  6.785e+05
   0.00966  7.281e+05
   0.00989  7.839e+05
   0.01012  8.404e+05
   0.01035  9.006e+05
   0.01058  9.676e+05
   0.01081  1.036e+06
   0.01104  1.111e+06
   0.01127  1.188e+06
    0.0115  1.269e+06
   0.01173  1.357e+06
   0.01196  1.449e+06
   0.01219  1.545e+06
   0.01242  1.646e+06
   0.01265  1.752e+06
   0.01288  1.862e+06
   0.01311  1.978e+06
   0.01334  2.096e+06
   0.01357  2.221e+06
    0.0138  2.351e+06
   0.01403   2.48e+06
   0.01426  2.618e+06
   0.01449  2.754e+06
   0.01472  2.898e+06
   0.01495  3.046e+06
   0.01518  3.188e+06
   0.01541  3.339e+06
   0.01564  3.484e+06
   0.01587  3.637e+06
    0.0161   3.79e+06
   0.01633  3.934e+06
   0.01656  4.086e+06
   0.01679  4.228e+06
   0.01702  4.376e+06
   0.01725  4.521e+06
   0.01748  4.655e+06
   0.01771  4.794e+06
   0.01794  4.922e+06
   0.01817  5.051e+06
    0.0184  5.175e+06
   0.01863   5.29e+06
   0.01886  5.404e+06
   0.01909  5.509e+06
   0.01932  5.611e+06
   0.01955  5.707e+06
   0.01978  5.795e+06
   0.02001  5.879e+06
   0.02024  5.956e+06
   0.02047  6.027e+06
    0.0207  6.091e+06
   0.02093   6.15e+06
   0.02116  6.202e+06
   0.02139  6.249e+06
   0.02162  6.288e+06
   0.02185  6.322e+06
   0.02208   6.35e+06
   0.02231  6.372e+06
   0.02254  6.388e+06
   0.02277  6.397e+06
     0.023    6.4e+06
   0.02323  6.397e+06
   0.02346  6.388e+06
   0.02369  6.372e+06
   0.02392   6.35e+06
   0.02415  6.322e+06
   0.02438  6.288e+06
   0.02461  6.249e+06
   0.02484  6.202e+06
   0.02507   6.15e+06
    0.0253  6.091e+06
   0.02553  6.027e+06
   0.02576  5.956e+06
   0.02599  5.879e+06
   0.02622  5.795e+06
   0.02645  5.707e+06
   0.02668  5.611e+06
   0.02691  5.509e+06
   0.02714  5.404e+06
   0.02737   5.29e+06
    0.0276  5.175e+06
   0.02783  5.051e+06
   0.02806  4.922e+06
   0.02829  4.794e+06
   0.02852  4.655e+06
   0.02875  4.521e+06
   0.02898  4.376e+06
   0.02921  4.228e+06
   0.02944  4.086e+06
   0.02967  3.934e+06
    0.0299   3.79e+06
   0.03013  3.637e+06
   0.03036  3.484e+06
   0.03059  3.339e+06
   0.03082  3.188e+06
   0.03105  3.046e+06
   0.03128  2.898e+06
   0.03151  2.754e+06
   0.03174  2.618e+06
   0.03197   2.48e+06
    0.0322  2.351e+06
   0.03243  2.221e+06
   0.03266  2.096e+06
   0.03289  1.978e+06
   0.03312  1.862e+06
   0.03335  1.752e+06
   0.03358  1.646e+06
   0.03381  1.545e+06
   0.03404  1.449e+06
   0.03427  1.357e+06
    0.0345  1.269e+06
   0.03473  1.188e+06
   0.03496  1.111e+06
   0.03519  1.036e+06
   0.03542  9.676e+05
   0.03565  9.006e+05
   0.03588  8.404e+05
   0.03611  7.839e+05
   0.03634  7.281e+05
   0.03657  6.785e+05
    0.0368  6.294e+05
   0.03703  5.862e+05
   0.03726  5.457e+05
   0.03749  5.054e+05
   0.03772  4.702e+05
   0.03795  4.351e+05
   0.03818  4.045e+05
   0.03841  3.761e+05
   0.03864  3.475e+05
   0.03887  3.228e+05
    0.0391   2.98e+05
   0.03933  2.766e+05
   0.03956  2.567e+05
   0.03979  2.366e+05
   0.04002  2.194e+05
   0.04025   2.02e+05
   0.04048  1.871e+05
   0.04071  1.732e+05
   0.04094   1.59e+05
   0.04117   1.47e+05
    0.0414  1.347e+05
   0.04163  1.242e+05
   0.04186  1.143e+05
   0.04209  1.043e+05
   0.04232  9.565e+04
   0.04255  8.681e+04
   0.04278  7.922e+04
   0.04301  7.205e+04
   0.04324  6.465e+04
   0.04347  5.825e+04
    0.0437   5.16e+04
   0.04393  4.583e+04
   0.04416   4.03e+04
   0.04439  3.653e+04
   0.04462  3.131e+04
   0.04485  2.521e+04
   0.04508  2.017e+04
   0.04531  1.512e+04
   0.04554  9.812e+03
   0.04577  4.906e+03
     0.046  2.453e+03
       0.0        0.0
