Center
Title
Electromagnetic field data from file PILL-3_6CM.AF
SubTitle
Problem title line 1: PILL-3_6 816MHz 36mm int width cavity with 1cm nose cone, 22mm aperture

MArkersize -0.3
Abscissa 1
Ordinate 3 4


Titles
Z
R
Ez
Er
|E|
H 
EndTitles

AxisLabels
Z (cm)
R (cm)
Ez (MV/m)
Er (MV/m)
E (MV/m)
H  (A/m)
EndLabels

CurveLabels
Z
R
Ez
Er
E
H 
EndLabels

Data
;     Z             R              Ez            Er            |E|           H 
;   (cm)          (cm)           (MV/m)        (MV/m)        (MV/m)        (A/m) 
   0.00000       0.00000      2.114838E+00  0.000000E+00  2.114838E+00  0.000000E+00
  2.000000E-02   0.00000      2.114469E+00  0.000000E+00  2.114469E+00  0.000000E+00
  4.000000E-02   0.00000      2.113361E+00  0.000000E+00  2.113361E+00  0.000000E+00
  6.000000E-02   0.00000      2.111516E+00  0.000000E+00  2.111516E+00  0.000000E+00
  8.000000E-02   0.00000      2.108932E+00  0.000000E+00  2.108932E+00  0.000000E+00
  0.100000       0.00000      2.105405E+00  0.000000E+00  2.105405E+00  0.000000E+00
  0.120000       0.00000      2.101353E+00  0.000000E+00  2.101353E+00  0.000000E+00
  0.140000       0.00000      2.096564E+00  0.000000E+00  2.096564E+00  0.000000E+00
  0.160000       0.00000      2.091039E+00  0.000000E+00  2.091039E+00  0.000000E+00
  0.180000       0.00000      2.084776E+00  0.000000E+00  2.084776E+00  0.000000E+00
  0.200000       0.00000      2.077414E+00  0.000000E+00  2.077414E+00  0.000000E+00
  0.220000       0.00000      2.069663E+00  0.000000E+00  2.069663E+00  0.000000E+00
  0.240000       0.00000      2.061182E+00  0.000000E+00  2.061182E+00  0.000000E+00
  0.260000       0.00000      2.051970E+00  0.000000E+00  2.051970E+00  0.000000E+00
  0.280000       0.00000      2.042026E+00  0.000000E+00  2.042026E+00  0.000000E+00
  0.300000       0.00000      2.031812E+00  0.000000E+00  2.031812E+00  0.000000E+00
  0.320000       0.00000      2.020395E+00  0.000000E+00  2.020395E+00  0.000000E+00
  0.340000       0.00000      2.008261E+00  0.000000E+00  2.008261E+00  0.000000E+00
  0.360000       0.00000      1.995411E+00  0.000000E+00  1.995411E+00  0.000000E+00
  0.380000       0.00000      1.981844E+00  0.000000E+00  1.981844E+00  0.000000E+00
  0.400000       0.00000      1.968542E+00  0.000000E+00  1.968542E+00  0.000000E+00
  0.420000       0.00000      1.953533E+00  0.000000E+00  1.953533E+00  0.000000E+00
  0.440000       0.00000      1.937839E+00  0.000000E+00  1.937839E+00  0.000000E+00
  0.460000       0.00000      1.921460E+00  0.000000E+00  1.921460E+00  0.000000E+00
  0.480000       0.00000      1.904397E+00  0.000000E+00  1.904397E+00  0.000000E+00
  0.500000       0.00000      1.888236E+00  0.000000E+00  1.888236E+00  0.000000E+00
  0.520000       0.00000      1.869798E+00  0.000000E+00  1.869798E+00  0.000000E+00
  0.540000       0.00000      1.850733E+00  0.000000E+00  1.850733E+00  0.000000E+00
  0.560000       0.00000      1.831040E+00  0.000000E+00  1.831040E+00  0.000000E+00
  0.580000       0.00000      1.810719E+00  0.000000E+00  1.810719E+00  0.000000E+00
  0.600000       0.00000      1.792069E+00  0.000000E+00  1.792069E+00  0.000000E+00
  0.620000       0.00000      1.770497E+00  0.000000E+00  1.770497E+00  0.000000E+00
  0.640000       0.00000      1.748385E+00  0.000000E+00  1.748385E+00  0.000000E+00
  0.660000       0.00000      1.725735E+00  0.000000E+00  1.725735E+00  0.000000E+00
  0.680000       0.00000      1.702545E+00  0.000000E+00  1.702545E+00  0.000000E+00
  0.700000       0.00000      1.681848E+00  0.000000E+00  1.681848E+00  0.000000E+00
  0.720000       0.00000      1.657597E+00  0.000000E+00  1.657597E+00  0.000000E+00
  0.740000       0.00000      1.632930E+00  0.000000E+00  1.632930E+00  0.000000E+00
  0.760000       0.00000      1.607847E+00  0.000000E+00  1.607847E+00  0.000000E+00
  0.780000       0.00000      1.582348E+00  0.000000E+00  1.582348E+00  0.000000E+00
  0.800000       0.00000      1.560100E+00  0.000000E+00  1.560100E+00  0.000000E+00
  0.820000       0.00000      1.533802E+00  0.000000E+00  1.533802E+00  0.000000E+00
  0.840000       0.00000      1.507243E+00  0.000000E+00  1.507243E+00  0.000000E+00
  0.860000       0.00000      1.480423E+00  0.000000E+00  1.480423E+00  0.000000E+00
  0.880000       0.00000      1.453341E+00  0.000000E+00  1.453341E+00  0.000000E+00
  0.900000       0.00000      1.430081E+00  0.000000E+00  1.430081E+00  0.000000E+00
  0.920000       0.00000      1.402527E+00  0.000000E+00  1.402527E+00  0.000000E+00
  0.940000       0.00000      1.374889E+00  0.000000E+00  1.374889E+00  0.000000E+00
  0.960000       0.00000      1.347168E+00  0.000000E+00  1.347168E+00  0.000000E+00
  0.980000       0.00000      1.319363E+00  0.000000E+00  1.319363E+00  0.000000E+00
   1.00000       0.00000      1.295664E+00  0.000000E+00  1.295664E+00  0.000000E+00
   1.02000       0.00000      1.267757E+00  0.000000E+00  1.267757E+00  0.000000E+00
   1.04000       0.00000      1.239952E+00  0.000000E+00  1.239952E+00  0.000000E+00
   1.06000       0.00000      1.212251E+00  0.000000E+00  1.212251E+00  0.000000E+00
   1.08000       0.00000      1.184652E+00  0.000000E+00  1.184652E+00  0.000000E+00
   1.10000       0.00000      1.161108E+00  0.000000E+00  1.161108E+00  0.000000E+00
   1.12000       0.00000      1.133788E+00  0.000000E+00  1.133788E+00  0.000000E+00
   1.14000       0.00000      1.106749E+00  0.000000E+00  1.106749E+00  0.000000E+00
   1.16000       0.00000      1.079991E+00  0.000000E+00  1.079991E+00  0.000000E+00
   1.18000       0.00000      1.053515E+00  0.000000E+00  1.053515E+00  0.000000E+00
   1.20000       0.00000      1.030734E+00  0.000000E+00  1.030734E+00  0.000000E+00
   1.22000       0.00000      1.004893E+00  0.000000E+00  1.004893E+00  0.000000E+00
   1.24000       0.00000      9.794877E-01  0.000000E+00  9.794877E-01  0.000000E+00
   1.26000       0.00000      9.545190E-01  0.000000E+00  9.545190E-01  0.000000E+00
   1.28000       0.00000      9.299867E-01  0.000000E+00  9.299867E-01  0.000000E+00
   1.30000       0.00000      9.085669E-01  0.000000E+00  9.085669E-01  0.000000E+00
   1.32000       0.00000      8.849715E-01  0.000000E+00  8.849715E-01  0.000000E+00
   1.34000       0.00000      8.619334E-01  0.000000E+00  8.619334E-01  0.000000E+00
   1.36000       0.00000      8.394527E-01  0.000000E+00  8.394527E-01  0.000000E+00
   1.38000       0.00000      8.175293E-01  0.000000E+00  8.175293E-01  0.000000E+00
   1.40000       0.00000      7.980369E-01  0.000000E+00  7.980369E-01  0.000000E+00
   1.42000       0.00000      7.772793E-01  0.000000E+00  7.772793E-01  0.000000E+00
   1.44000       0.00000      7.571628E-01  0.000000E+00  7.571628E-01  0.000000E+00
   1.46000       0.00000      7.376875E-01  0.000000E+00  7.376875E-01  0.000000E+00
   1.48000       0.00000      7.188534E-01  0.000000E+00  7.188534E-01  0.000000E+00
   1.50000       0.00000      7.017919E-01  0.000000E+00  7.017919E-01  0.000000E+00
   1.52000       0.00000      6.842757E-01  0.000000E+00  6.842757E-01  0.000000E+00
   1.54000       0.00000      6.674505E-01  0.000000E+00  6.674505E-01  0.000000E+00
   1.56000       0.00000      6.513162E-01  0.000000E+00  6.513162E-01  0.000000E+00
   1.58000       0.00000      6.358728E-01  0.000000E+00  6.358728E-01  0.000000E+00
   1.60000       0.00000      6.216801E-01  0.000000E+00  6.216801E-01  0.000000E+00
   1.62000       0.00000      6.076404E-01  0.000000E+00  6.076404E-01  0.000000E+00
   1.64000       0.00000      5.943151E-01  0.000000E+00  5.943151E-01  0.000000E+00
   1.66000       0.00000      5.817042E-01  0.000000E+00  5.817042E-01  0.000000E+00
   1.68000       0.00000      5.698076E-01  0.000000E+00  5.698076E-01  0.000000E+00
   1.70000       0.00000      5.591206E-01  0.000000E+00  5.591206E-01  0.000000E+00
   1.72000       0.00000      5.486653E-01  0.000000E+00  5.486653E-01  0.000000E+00
   1.74000       0.00000      5.389310E-01  0.000000E+00  5.389310E-01  0.000000E+00
   1.76000       0.00000      5.299178E-01  0.000000E+00  5.299178E-01  0.000000E+00
   1.78000       0.00000      5.216257E-01  0.000000E+00  5.216257E-01  0.000000E+00
   1.80000       0.00000      5.147188E-01  0.000000E+00  5.147188E-01  0.000000E+00
   1.82000       0.00000      5.078271E-01  0.000000E+00  5.078271E-01  0.000000E+00
   1.84000       0.00000      5.016608E-01  0.000000E+00  5.016608E-01  0.000000E+00
   1.86000       0.00000      4.962200E-01  0.000000E+00  4.962200E-01  0.000000E+00
   1.88000       0.00000      4.915046E-01  0.000000E+00  4.915046E-01  0.000000E+00
   1.90000       0.00000      4.878405E-01  0.000000E+00  4.878405E-01  0.000000E+00
   1.92000       0.00000      4.845480E-01  0.000000E+00  4.845480E-01  0.000000E+00
   1.94000       0.00000      4.819872E-01  0.000000E+00  4.819872E-01  0.000000E+00
   1.96000       0.00000      4.801581E-01  0.000000E+00  4.801581E-01  0.000000E+00
   1.98000       0.00000      4.790606E-01  0.000000E+00  4.790606E-01  0.000000E+00
   2.00000       0.00000      4.786947E-01  0.000000E+00  4.786947E-01  0.000000E+00
EndData
EndFile
