1DDynamic 40
0 2.4 200
816.0
0.0 2.0 199
 2.453e+03
 4.906e+03
 9.812e+03
 1.512e+04
 2.017e+04
 2.521e+04
 3.131e+04
 3.653e+04
  4.03e+04
 4.583e+04
  5.16e+04
 5.825e+04
 6.465e+04
 7.205e+04
 7.922e+04
 8.681e+04
 9.565e+04
 1.043e+05
 1.143e+05
 1.242e+05
 1.347e+05
  1.47e+05
  1.59e+05
 1.732e+05
 1.871e+05
  2.02e+05
 2.194e+05
 2.366e+05
 2.567e+05
 2.766e+05
  2.98e+05
 3.228e+05
 3.475e+05
 3.761e+05
 4.045e+05
 4.351e+05
 4.702e+05
 5.054e+05
 5.457e+05
 5.862e+05
 6.294e+05
 6.785e+05
 7.281e+05
 7.839e+05
 8.404e+05
 9.006e+05
 9.676e+05
 1.036e+06
 1.111e+06
 1.188e+06
 1.269e+06
 1.357e+06
 1.449e+06
 1.545e+06
 1.646e+06
 1.752e+06
 1.862e+06
 1.978e+06
 2.096e+06
 2.221e+06
 2.351e+06
  2.48e+06
 2.618e+06
 2.754e+06
 2.898e+06
 3.046e+06
 3.188e+06
 3.339e+06
 3.484e+06
 3.637e+06
  3.79e+06
 3.934e+06
 4.086e+06
 4.228e+06
 4.376e+06
 4.521e+06
 4.655e+06
 4.794e+06
 4.922e+06
 5.051e+06
 5.175e+06
  5.29e+06
 5.404e+06
 5.509e+06
 5.611e+06
 5.707e+06
 5.795e+06
 5.879e+06
 5.956e+06
 6.027e+06
 6.091e+06
  6.15e+06
 6.202e+06
 6.249e+06
 6.288e+06
 6.322e+06
  6.35e+06
 6.372e+06
 6.388e+06
 6.397e+06
   6.4e+06
 6.397e+06
 6.388e+06
 6.372e+06
  6.35e+06
 6.322e+06
 6.288e+06
 6.249e+06
 6.202e+06
  6.15e+06
 6.091e+06
 6.027e+06
 5.956e+06
 5.879e+06
 5.795e+06
 5.707e+06
 5.611e+06
 5.509e+06
 5.404e+06
  5.29e+06
 5.175e+06
 5.051e+06
 4.922e+06
 4.794e+06
 4.655e+06
 4.521e+06
 4.376e+06
 4.228e+06
 4.086e+06
 3.934e+06
  3.79e+06
 3.637e+06
 3.484e+06
 3.339e+06
 3.188e+06
 3.046e+06
 2.898e+06
 2.754e+06
 2.618e+06
  2.48e+06
 2.351e+06
 2.221e+06
 2.096e+06
 1.978e+06
 1.862e+06
 1.752e+06
 1.646e+06
 1.545e+06
 1.449e+06
 1.357e+06
 1.269e+06
 1.188e+06
 1.111e+06
 1.036e+06
 9.676e+05
 9.006e+05
 8.404e+05
 7.839e+05
 7.281e+05
 6.785e+05
 6.294e+05
 5.862e+05
 5.457e+05
 5.054e+05
 4.702e+05
 4.351e+05
 4.045e+05
 3.761e+05
 3.475e+05
 3.228e+05
  2.98e+05
 2.766e+05
 2.567e+05
 2.366e+05
 2.194e+05
  2.02e+05
 1.871e+05
 1.732e+05
  1.59e+05
  1.47e+05
 1.347e+05
 1.242e+05
 1.143e+05
 1.043e+05
 9.565e+04
 8.681e+04
 7.922e+04
 7.205e+04
 6.465e+04
 5.825e+04
  5.16e+04
 4.583e+04
  4.03e+04
 3.653e+04
 3.131e+04
 2.521e+04
 2.017e+04
 1.512e+04
 9.812e+03
 4.906e+03
 2.453e+03
