816000000
       0.0      766.5
   0.00012  1.533e+03
   0.00024  3.066e+03
   0.00036  4.726e+03
   0.00048  6.302e+03
    0.0006  7.877e+03
   0.00072  9.785e+03
   0.00084  1.142e+04
   0.00096  1.259e+04
   0.00108  1.432e+04
    0.0012  1.613e+04
   0.00132   1.82e+04
   0.00144   2.02e+04
   0.00156  2.252e+04
   0.00168  2.476e+04
    0.0018  2.713e+04
   0.00192  2.989e+04
   0.00204  3.258e+04
   0.00216  3.573e+04
   0.00228   3.88e+04
    0.0024  4.209e+04
   0.00252  4.593e+04
   0.00264   4.97e+04
   0.00276  5.412e+04
   0.00288  5.846e+04
     0.003  6.312e+04
   0.00312  6.857e+04
   0.00324  7.395e+04
   0.00336  8.023e+04
   0.00348  8.645e+04
    0.0036  9.311e+04
   0.00372  1.009e+05
   0.00384  1.086e+05
   0.00396  1.175e+05
   0.00408  1.264e+05
    0.0042   1.36e+05
   0.00432  1.469e+05
   0.00444  1.579e+05
   0.00456  1.705e+05
   0.00468  1.832e+05
    0.0048  1.967e+05
   0.00492   2.12e+05
   0.00504  2.275e+05
   0.00516   2.45e+05
   0.00528  2.626e+05
    0.0054  2.814e+05
   0.00552  3.024e+05
   0.00564  3.237e+05
   0.00576  3.471e+05
   0.00588  3.712e+05
     0.006  3.967e+05
   0.00612  4.242e+05
   0.00624  4.527e+05
   0.00636  4.829e+05
   0.00648  5.144e+05
    0.0066  5.475e+05
   0.00672  5.819e+05
   0.00684  6.181e+05
   0.00696   6.55e+05
   0.00708  6.941e+05
    0.0072  7.346e+05
   0.00732  7.752e+05
   0.00744  8.182e+05
   0.00756  8.605e+05
   0.00768  9.057e+05
    0.0078  9.518e+05
   0.00792  9.962e+05
   0.00804  1.043e+06
   0.00816  1.089e+06
   0.00828  1.136e+06
    0.0084  1.184e+06
   0.00852  1.229e+06
   0.00864  1.277e+06
   0.00876  1.321e+06
   0.00888  1.367e+06
     0.009  1.413e+06
   0.00912  1.455e+06
   0.00924  1.498e+06
   0.00936  1.538e+06
   0.00948  1.578e+06
    0.0096  1.617e+06
   0.00972  1.653e+06
   0.00984  1.689e+06
   0.00996  1.722e+06
   0.01008  1.753e+06
    0.0102  1.783e+06
   0.01032  1.811e+06
   0.01044  1.837e+06
   0.01056  1.861e+06
   0.01068  1.883e+06
    0.0108  1.904e+06
   0.01092  1.922e+06
   0.01104  1.938e+06
   0.01116  1.953e+06
   0.01128  1.965e+06
    0.0114  1.976e+06
   0.01152  1.985e+06
   0.01164  1.991e+06
   0.01176  1.996e+06
   0.01188  1.999e+06
     0.012      2e+06
   0.01212  1.999e+06
   0.01224  1.996e+06
   0.01236  1.991e+06
   0.01248  1.985e+06
    0.0126  1.976e+06
   0.01272  1.965e+06
   0.01284  1.953e+06
   0.01296  1.938e+06
   0.01308  1.922e+06
    0.0132  1.904e+06
   0.01332  1.883e+06
   0.01344  1.861e+06
   0.01356  1.837e+06
   0.01368  1.811e+06
    0.0138  1.783e+06
   0.01392  1.753e+06
   0.01404  1.722e+06
   0.01416  1.689e+06
   0.01428  1.653e+06
    0.0144  1.617e+06
   0.01452  1.578e+06
   0.01464  1.538e+06
   0.01476  1.498e+06
   0.01488  1.455e+06
     0.015  1.413e+06
   0.01512  1.367e+06
   0.01524  1.321e+06
   0.01536  1.277e+06
   0.01548  1.229e+06
    0.0156  1.184e+06
   0.01572  1.136e+06
   0.01584  1.089e+06
   0.01596  1.043e+06
   0.01608  9.962e+05
    0.0162  9.518e+05
   0.01632  9.057e+05
   0.01644  8.605e+05
   0.01656  8.182e+05
   0.01668  7.752e+05
    0.0168  7.346e+05
   0.01692  6.941e+05
   0.01704   6.55e+05
   0.01716  6.181e+05
   0.01728  5.819e+05
    0.0174  5.475e+05
   0.01752  5.144e+05
   0.01764  4.829e+05
   0.01776  4.527e+05
   0.01788  4.242e+05
     0.018  3.967e+05
   0.01812  3.712e+05
   0.01824  3.471e+05
   0.01836  3.237e+05
   0.01848  3.024e+05
    0.0186  2.814e+05
   0.01872  2.626e+05
   0.01884   2.45e+05
   0.01896  2.275e+05
   0.01908   2.12e+05
    0.0192  1.967e+05
   0.01932  1.832e+05
   0.01944  1.705e+05
   0.01956  1.579e+05
   0.01968  1.469e+05
    0.0198   1.36e+05
   0.01992  1.264e+05
   0.02004  1.175e+05
   0.02016  1.086e+05
   0.02028  1.009e+05
    0.0204  9.311e+04
   0.02052  8.645e+04
   0.02064  8.023e+04
   0.02076  7.395e+04
   0.02088  6.857e+04
     0.021  6.312e+04
   0.02112  5.846e+04
   0.02124  5.412e+04
   0.02136   4.97e+04
   0.02148  4.593e+04
    0.0216  4.209e+04
   0.02172   3.88e+04
   0.02184  3.573e+04
   0.02196  3.258e+04
   0.02208  2.989e+04
    0.0222  2.713e+04
   0.02232  2.476e+04
   0.02244  2.252e+04
   0.02256   2.02e+04
   0.02268   1.82e+04
    0.0228  1.613e+04
   0.02292  1.432e+04
   0.02304  1.259e+04
   0.02316  1.142e+04
   0.02328  9.785e+03
    0.0234  7.877e+03
   0.02352  6.302e+03
   0.02364  4.726e+03
   0.02376  3.066e+03
   0.02388  1.533e+03
     0.024      766.5
       0.0        0.0
