816000000.0
       0.0  1.225e+05
    0.0004  1.313e+05
    0.0008  1.407e+05
    0.0012  1.512e+05
    0.0016  1.619e+05
     0.002  1.736e+05
    0.0024  1.856e+05
    0.0028  1.983e+05
    0.0032  2.121e+05
    0.0036  2.263e+05
     0.004  2.414e+05
    0.0044  2.572e+05
    0.0048  2.737e+05
    0.0052  2.909e+05
    0.0056   3.09e+05
     0.006  3.275e+05
    0.0064  3.471e+05
    0.0068  3.673e+05
    0.0072  3.876e+05
    0.0076  4.091e+05
     0.008  4.303e+05
    0.0084  4.529e+05
    0.0088  4.759e+05
    0.0092  4.981e+05
    0.0096  5.217e+05
      0.01  5.443e+05
    0.0104  5.682e+05
    0.0108  5.922e+05
    0.0112  6.147e+05
    0.0116  6.384e+05
     0.012  6.606e+05
    0.0124  6.837e+05
    0.0128  7.064e+05
    0.0132  7.274e+05
    0.0136   7.49e+05
     0.014   7.69e+05
    0.0144  7.892e+05
    0.0148  8.087e+05
    0.0152  8.266e+05
    0.0156  8.443e+05
     0.016  8.608e+05
    0.0164  8.767e+05
    0.0168  8.917e+05
    0.0172  9.055e+05
    0.0176  9.186e+05
     0.018  9.306e+05
    0.0184  9.417e+05
    0.0188  9.518e+05
    0.0192  9.609e+05
    0.0196  9.691e+05
      0.02  9.763e+05
    0.0204  9.825e+05
    0.0208  9.878e+05
    0.0212  9.923e+05
    0.0216  9.956e+05
     0.022  9.981e+05
    0.0224  9.995e+05
    0.0228      1e+06
    0.0232  9.995e+05
    0.0236  9.981e+05
     0.024  9.956e+05
    0.0244  9.923e+05
    0.0248  9.878e+05
    0.0252  9.825e+05
    0.0256  9.763e+05
     0.026  9.691e+05
    0.0264  9.609e+05
    0.0268  9.518e+05
    0.0272  9.417e+05
    0.0276  9.306e+05
     0.028  9.186e+05
    0.0284  9.055e+05
    0.0288  8.917e+05
    0.0292  8.767e+05
    0.0296  8.608e+05
      0.03  8.443e+05
    0.0304  8.266e+05
    0.0308  8.087e+05
    0.0312  7.892e+05
    0.0316   7.69e+05
     0.032   7.49e+05
    0.0324  7.274e+05
    0.0328  7.064e+05
    0.0332  6.837e+05
    0.0336  6.606e+05
     0.034  6.384e+05
    0.0344  6.147e+05
    0.0348  5.922e+05
    0.0352  5.682e+05
    0.0356  5.443e+05
     0.036  5.217e+05
    0.0364  4.981e+05
    0.0368  4.759e+05
    0.0372  4.529e+05
    0.0376  4.303e+05
     0.038  4.091e+05
    0.0384  3.876e+05
    0.0388  3.673e+05
    0.0392  3.471e+05
    0.0396  3.275e+05
      0.04   3.09e+05
    0.0404  2.909e+05
    0.0408  2.737e+05
    0.0412  2.572e+05
    0.0416  2.414e+05
     0.042  2.263e+05
    0.0424  2.121e+05
    0.0428  1.983e+05
    0.0432  1.856e+05
    0.0436  1.736e+05
     0.044  1.619e+05
    0.0444  1.512e+05
    0.0448  1.407e+05
    0.0452  1.313e+05
    0.0456  1.225e+05
       0.0        0.0
